CyberShake 30 1.0 5950.65077 4663.43340 5569.58819 4605.50438 4765.39712 4544.72107 4441.09761 4586.14989 75.44333 84.56239 79.08667 95.74464 82.30758 91.45291 92.08732 99.90898 0.00121 1.40463 1.41316 1.39673 1.40315 1.39007 1.39170 0.00252 43 55 102 54 568 58 
CyberShake 50 1.0 7925.16882 7042.24887 7652.55128 6901.06561 6932.49161 6889.95261 5976.55243 6041.31827 85.16283 92.73523 89.27409 106.63177 94.27100 101.06263 123.93910 125.71904 0.00105 2.37222 2.34191 2.34316 2.36002 2.33574 2.34986 0.04130 52 34 130 36 563 33 
CyberShake 100 1.0 11955.72284 10762.43460 11710.14707 10790.55691 11160.38210 10698.59790 8794.16077 8885.41302 102.06367 119.79384 109.09161 135.82531 132.81318 121.11500 182.35825 184.26893 0.00202 8.03475 8.04168 7.97408 7.95554 7.94970 8.08718 0.04302 88 28 253 31 870 23 
Epigenomics 24 1.0 73435.81350 55375.03511 57227.85903 55699.59996 54890.63349 54852.12674 54813.58145 55713.14827 903.18611 1305.69706 1005.68519 1354.42671 1254.86673 1254.41169 1252.20828 1358.09692 0.00038 0.82283 0.82280 0.82673 0.81973 0.81932 0.82108 0.03828 33 49 65 51 411 56 
Epigenomics 47 1.0 168802.15698 143512.44093 155117.53765 128382.98411 128678.88831 126447.79504 126079.31074 126241.19632 1345.37301 1828.06592 1541.60783 3308.23040 2538.13103 2714.14910 2700.34607 2722.13632 0.00074 2.62854 2.64638 2.60903 2.61384 2.60177 2.60225 0.04012 60 46 145 49 670 44 
Epigenomics 100 1.0 1627624.69730 1478635.41010 1566532.97183 1359704.17710 1222811.22082 1340730.28033 1222515.50018 1223234.59526 10713.44716 15218.98435 11785.44079 23893.92753 25700.07276 23019.11649 25676.29677 25756.36423 0.00618 8.15148 8.32066 8.11622 8.25844 8.11537 8.12742 0.01829 85 32 250 36 881 20 
Ligo 30 1.0 28267.14786 21502.69171 23730.75058 22758.47508 21415.64952 20487.83558 19973.24108 20696.82689 241.41275 371.58512 292.15015 405.98400 332.76863 428.95250 414.77029 501.35459 0.00060 1.07330 1.09061 1.07081 1.08199 1.06975 1.07218 0.03862 36 45 79 46 455 43 
Ligo 50 1.0 47310.50698 42380.67877 43817.07377 44257.33350 42026.12744 37829.44234 35499.04869 36254.78533 340.21183 480.40236 378.04189 598.74565 471.33119 772.96184 736.96856 827.53156 0.00388 1.94402 1.94459 1.94376 1.96043 1.93786 1.93897 0.02805 43 32 110 34 485 26 
Ligo 100 1.0 85198.63074 79278.57898 80733.43105 77996.10607 76105.58294 76811.47238 63448.60861 63968.10614 502.38527 716.78988 564.09816 788.42901 753.33747 801.91088 1316.38825 1371.85472 0.00189 6.25113 6.18353 6.18833 6.28679 6.17036 6.30828 0.04319 70 25 198 28 695 15 
Montage 25 1.0 974.05088 796.12479 811.64187 803.66550 716.24436 721.71719 705.50278 706.22352 10.19299 11.72705 10.27035 12.61076 15.23697 16.10692 15.86352 15.88994 0.00052 0.80488 0.80046 0.79868 0.80013 0.79520 0.80009 0.03798 31 43 63 43 392 48 
Montage 50 1.0 2083.41354 1880.89940 1980.21868 1975.33611 1829.76021 1796.92112 1556.21847 1557.06203 15.47943 19.57001 17.16332 25.65152 23.60736 27.35384 33.40052 33.44136 0.00420 1.84399 1.84126 1.80572 1.84641 1.80704 1.82623 0.03626 42 28 99 30 444 23 
Montage 100 1.0 4511.47503 4073.00430 4309.99454 4197.55727 4176.67224 4127.72111 3294.62946 3296.28507 31.17486 36.68000 30.77467 37.62596 40.75656 43.97759 70.23995 70.25899 0.00867 5.33756 5.38274 5.26512 5.27128 5.26553 5.39057 0.02104 60 20 168 22 587 13 
Sipht 29 1.0 32484.40377 18163.17056 23296.62971 18188.46937 18630.36657 18481.93413 18152.43185 18152.43185 551.66074 551.69941 551.66037 551.83084 552.60457 551.65849 551.69915 551.69915 0.00268 1.44986 1.45375 1.44694 1.44694 1.43974 1.44091 0.03958 51 65 112 66 672 72 
Sipht 58 1.0 48755.29041 38298.77927 38826.96805 35740.74122 38453.66910 35543.55219 35269.39676 35290.58706 580.54955 585.97355 597.08442 847.43004 592.07507 741.53689 743.97399 738.43521 0.00565 4.96815 5.01114 4.94684 4.94741 4.94068 4.95500 0.04661 103 65 262 66 1168 52 
Sipht 97 1.0 69483.88089 62695.90703 58282.03292 62631.36896 55260.74381 53331.27695 52439.36510 52998.80978 677.60757 700.72134 746.01176 845.15256 932.48313 1140.48462 1087.34510 1150.68856 0.00900 15.19907 15.24506 15.20209 15.19915 15.17940 15.28610 0.05040 186 71 522 71 1963 46 
