CyberShake 30 1.0 4442.218 1.394 53
CyberShake 30 1.0 4442.898 1.393 53
CyberShake 30 1.0 4441.149 1.394 53
CyberShake 30 1.0 4442.037 1.397 54
CyberShake 30 1.0 4441.976 1.393 53
CyberShake 30 1.0 4446.489 1.400 54
CyberShake 30 1.0 4441.097 1.390 54
CyberShake 30 1.0 4441.306 1.392 53
CyberShake 30 1.0 4442.527 1.391 54
CyberShake 30 1.0 4441.976 1.393 53
CyberShake 50 1.0 5961.831 2.361 29
CyberShake 50 1.0 5973.259 2.345 28
CyberShake 50 1.0 5961.734 2.346 28
CyberShake 50 1.0 5966.693 2.359 29
CyberShake 50 1.0 5966.673 2.346 29
CyberShake 50 1.0 5961.757 2.354 29
CyberShake 50 1.0 5961.744 2.360 29
CyberShake 50 1.0 5961.740 2.345 29
CyberShake 50 1.0 5961.766 2.339 28
CyberShake 50 1.0 5961.736 2.361 29
CyberShake 100 1.0 8770.547 7.966 18
CyberShake 100 1.0 8778.388 8.031 21
CyberShake 100 1.0 8784.410 8.033 21
CyberShake 100 1.0 8800.432 8.034 21
CyberShake 100 1.0 8795.087 8.037 21
CyberShake 100 1.0 8752.605 8.066 21
CyberShake 100 1.0 8776.798 7.948 18
CyberShake 100 1.0 8776.674 8.063 21
CyberShake 100 1.0 8784.414 7.983 18
CyberShake 100 1.0 8764.282 7.966 18
Epigenomics 24 1.0 54812.025 0.823 51
Epigenomics 24 1.0 54809.993 0.819 51
Epigenomics 24 1.0 54823.560 0.827 51
Epigenomics 24 1.0 54812.224 0.824 52
Epigenomics 24 1.0 54836.552 0.822 51
Epigenomics 24 1.0 54821.337 0.820 51
Epigenomics 24 1.0 54822.116 0.819 51
Epigenomics 24 1.0 54798.832 0.826 51
Epigenomics 24 1.0 54822.411 0.824 52
Epigenomics 24 1.0 54803.888 0.821 52
Epigenomics 47 1.0 126078.683 2.600 37
Epigenomics 47 1.0 126075.648 2.600 37
Epigenomics 47 1.0 126074.795 2.623 39
Epigenomics 47 1.0 126082.866 2.608 38
Epigenomics 47 1.0 126076.442 2.629 38
Epigenomics 47 1.0 126083.929 2.610 38
Epigenomics 47 1.0 126079.740 2.607 38
Epigenomics 47 1.0 126092.486 2.602 36
Epigenomics 47 1.0 126083.390 2.603 36
Epigenomics 47 1.0 126081.430 2.615 37
Epigenomics 100 1.0 1222515.222 8.168 18
Epigenomics 100 1.0 1222514.489 8.240 19
Epigenomics 100 1.0 1222514.905 8.191 19
Epigenomics 100 1.0 1222532.967 8.206 19
Epigenomics 100 1.0 1222545.913 8.185 19
Epigenomics 100 1.0 1222514.957 8.212 19
Epigenomics 100 1.0 1222511.236 8.133 18
Epigenomics 100 1.0 1222521.129 8.129 19
Epigenomics 100 1.0 1222511.238 8.268 20
Epigenomics 100 1.0 1222511.822 8.210 19
Ligo 30 1.0 19983.417 1.072 40
Ligo 30 1.0 19973.391 1.080 40
Ligo 30 1.0 19973.114 1.078 42
Ligo 30 1.0 19973.204 1.070 38
Ligo 30 1.0 19972.967 1.080 40
Ligo 30 1.0 19981.523 1.076 40
Ligo 30 1.0 19981.483 1.076 42
Ligo 30 1.0 19973.702 1.082 39
Ligo 30 1.0 19973.374 1.075 40
Ligo 30 1.0 19973.111 1.071 39
Ligo 50 1.0 35498.513 1.943 22
Ligo 50 1.0 35496.139 1.943 22
Ligo 50 1.0 35497.784 1.939 23
Ligo 50 1.0 35500.509 1.958 23
Ligo 50 1.0 35498.208 1.959 23
Ligo 50 1.0 35504.227 1.959 23
Ligo 50 1.0 35498.583 1.968 23
Ligo 50 1.0 35497.427 1.955 23
Ligo 50 1.0 35499.556 1.942 23
Ligo 50 1.0 35497.959 1.967 23
Ligo 100 1.0 63444.295 6.232 14
Ligo 100 1.0 63442.621 6.230 14
Ligo 100 1.0 63447.692 6.289 14
Ligo 100 1.0 63443.163 6.319 14
Ligo 100 1.0 63444.614 6.263 14
Ligo 100 1.0 63447.186 6.303 17
Ligo 100 1.0 63443.216 6.310 14
Ligo 100 1.0 63443.375 6.305 14
Ligo 100 1.0 63443.385 6.317 14
Ligo 100 1.0 63443.163 6.266 14
Montage 25 1.0 705.657 0.797 42
Montage 25 1.0 705.503 0.802 43
Montage 25 1.0 705.503 0.795 42
Montage 25 1.0 705.503 0.801 43
Montage 25 1.0 705.503 0.796 42
Montage 25 1.0 705.503 0.800 43
Montage 25 1.0 705.717 0.797 44
Montage 25 1.0 705.717 0.796 42
Montage 25 1.0 705.657 0.795 44
Montage 25 1.0 705.657 0.802 43
Montage 50 1.0 1555.808 1.841 21
Montage 50 1.0 1556.218 1.809 20
Montage 50 1.0 1556.419 1.840 21
Montage 50 1.0 1556.137 1.837 21
Montage 50 1.0 1556.273 1.808 20
Montage 50 1.0 1556.294 1.807 20
Montage 50 1.0 1556.432 1.830 21
Montage 50 1.0 1555.948 1.807 20
Montage 50 1.0 1555.942 1.829 21
Montage 50 1.0 1556.080 1.827 21
Montage 100 1.0 3295.154 5.265 12
Montage 100 1.0 3295.344 5.391 13
Montage 100 1.0 3295.791 5.392 13
Montage 100 1.0 3295.717 5.394 13
Montage 100 1.0 3296.153 5.394 13
Montage 100 1.0 3295.931 5.398 13
Montage 100 1.0 3295.917 5.388 13
Montage 100 1.0 3295.365 5.407 13
Montage 100 1.0 3294.867 5.399 13
Montage 100 1.0 3295.564 5.262 12
Sipht 29 1.0 18152.432 1.446 63
Sipht 29 1.0 18152.432 1.448 63
Sipht 29 1.0 18152.432 1.449 63
Sipht 29 1.0 18152.432 1.448 63
Sipht 29 1.0 18152.432 1.450 63
Sipht 29 1.0 18152.432 1.447 63
Sipht 29 1.0 18152.432 1.449 63
Sipht 29 1.0 18152.432 1.449 63
Sipht 29 1.0 18152.432 1.450 63
Sipht 29 1.0 18152.432 1.447 63
Sipht 58 1.0 35271.335 4.952 47
Sipht 58 1.0 35271.335 4.989 47
Sipht 58 1.0 35269.912 4.972 46
Sipht 58 1.0 35271.311 4.978 47
Sipht 58 1.0 35271.311 4.955 46
Sipht 58 1.0 35271.335 4.965 46
Sipht 58 1.0 35267.559 4.988 48
Sipht 58 1.0 35271.311 4.946 45
Sipht 58 1.0 35271.311 4.956 47
Sipht 58 1.0 35271.335 4.949 47
Sipht 97 1.0 52439.515 15.277 41
Sipht 97 1.0 52439.207 15.279 41
Sipht 97 1.0 52439.890 15.178 41
Sipht 97 1.0 52439.430 15.342 42
Sipht 97 1.0 52440.219 15.280 42
Sipht 97 1.0 52439.435 15.279 42
Sipht 97 1.0 52439.417 15.332 42
Sipht 97 1.0 52440.088 15.328 41
Sipht 97 1.0 52439.241 15.261 41
Sipht 97 1.0 52439.883 15.338 42
