CyberShake 30 1.0 4441.518 1.398 53
CyberShake 30 1.0 4447.880 1.392 55
CyberShake 30 1.0 4441.129 1.394 52
CyberShake 30 1.0 4442.221 1.401 54
CyberShake 30 1.0 4441.099 1.394 55
CyberShake 30 1.0 4442.221 1.399 54
CyberShake 30 1.0 4442.211 1.402 54
CyberShake 30 1.0 4451.467 1.400 54
CyberShake 30 1.0 4442.896 1.399 54
CyberShake 30 1.0 4446.479 1.396 53
CyberShake 50 1.0 5961.752 2.358 30
CyberShake 50 1.0 5968.623 2.356 30
CyberShake 50 1.0 5973.261 2.349 30
CyberShake 50 1.0 5962.852 2.343 30
CyberShake 50 1.0 5961.733 2.372 31
CyberShake 50 1.0 5961.734 2.344 29
CyberShake 50 1.0 5961.781 2.376 31
CyberShake 50 1.0 5973.259 2.373 30
CyberShake 50 1.0 5961.733 2.369 29
CyberShake 50 1.0 5962.826 2.349 29
CyberShake 100 1.0 8749.588 7.975 19
CyberShake 100 1.0 8782.956 8.147 20
CyberShake 100 1.0 8772.213 8.114 19
CyberShake 100 1.0 8768.101 8.008 19
CyberShake 100 1.0 8746.044 8.064 19
CyberShake 100 1.0 8777.127 7.988 19
CyberShake 100 1.0 8756.849 8.091 19
CyberShake 100 1.0 8768.685 8.064 19
CyberShake 100 1.0 8746.353 8.054 19
CyberShake 100 1.0 8760.686 7.993 19
Epigenomics 24 1.0 54821.498 0.824 53
Epigenomics 24 1.0 54812.691 0.822 52
Epigenomics 24 1.0 54809.298 0.820 52
Epigenomics 24 1.0 54822.706 0.822 51
Epigenomics 24 1.0 54827.264 0.827 53
Epigenomics 24 1.0 54806.181 0.827 53
Epigenomics 24 1.0 54799.932 0.822 52
Epigenomics 24 1.0 54800.035 0.827 54
Epigenomics 24 1.0 54806.142 0.826 53
Epigenomics 24 1.0 54813.466 0.818 51
Epigenomics 47 1.0 126082.767 2.630 37
Epigenomics 47 1.0 126079.416 2.602 38
Epigenomics 47 1.0 126074.993 2.606 39
Epigenomics 47 1.0 126082.603 2.633 38
Epigenomics 47 1.0 126078.093 2.635 37
Epigenomics 47 1.0 126081.171 2.630 38
Epigenomics 47 1.0 126080.823 2.627 38
Epigenomics 47 1.0 126082.952 2.613 36
Epigenomics 47 1.0 126076.602 2.609 38
Epigenomics 47 1.0 126077.926 2.614 39
Epigenomics 100 1.0 1222518.655 8.143 19
Epigenomics 100 1.0 1222512.251 8.199 21
Epigenomics 100 1.0 1222512.883 8.194 21
Epigenomics 100 1.0 1222512.621 8.300 21
Epigenomics 100 1.0 1222522.715 8.221 20
Epigenomics 100 1.0 1222517.676 8.275 21
Epigenomics 100 1.0 1222514.139 8.154 20
Epigenomics 100 1.0 1222511.301 8.157 20
Epigenomics 100 1.0 1222512.608 8.172 20
Epigenomics 100 1.0 1222512.476 8.189 20
Ligo 30 1.0 19972.963 1.070 39
Ligo 30 1.0 19973.023 1.072 41
Ligo 30 1.0 19973.521 1.082 41
Ligo 30 1.0 19975.658 1.082 42
Ligo 30 1.0 19983.438 1.076 7
Ligo 30 1.0 19981.204 1.108 8
Ligo 30 1.0 19981.787 1.219 8
Ligo 30 1.0 19973.946 1.078 36
Ligo 30 1.0 19973.122 1.080 41
Ligo 30 1.0 19983.460 1.076 41
Ligo 50 1.0 35499.525 1.969 23
Ligo 50 1.0 35497.120 1.937 23
Ligo 50 1.0 35496.731 1.946 22
Ligo 50 1.0 35496.256 1.971 24
Ligo 50 1.0 35497.092 1.962 23
Ligo 50 1.0 35504.326 1.947 22
Ligo 50 1.0 35495.989 1.960 23
Ligo 50 1.0 35500.719 1.960 25
Ligo 50 1.0 35498.874 1.942 22
Ligo 50 1.0 35496.617 1.968 23
Ligo 100 1.0 63442.904 6.201 16
Ligo 100 1.0 63443.230 6.299 17
Ligo 100 1.0 63446.600 6.183 16
Ligo 100 1.0 63443.508 6.310 17
Ligo 100 1.0 63443.374 6.286 17
Ligo 100 1.0 63443.644 6.347 17
Ligo 100 1.0 63443.348 6.196 16
Ligo 100 1.0 63449.290 6.169 16
Ligo 100 1.0 63444.041 6.222 16
Ligo 100 1.0 63443.521 6.193 16
Montage 25 1.0 705.657 0.807 45
Montage 25 1.0 705.503 0.799 45
Montage 25 1.0 705.717 0.801 46
Montage 25 1.0 705.503 0.799 44
Montage 25 1.0 705.657 0.801 46
Montage 25 1.0 705.503 0.796 44
Montage 25 1.0 705.728 0.796 45
Montage 25 1.0 705.503 0.804 44
Montage 25 1.0 705.717 0.800 44
Montage 25 1.0 705.825 0.796 44
Montage 50 1.0 1556.357 1.814 23
Montage 50 1.0 1555.991 1.834 23
Montage 50 1.0 1556.249 1.815 23
Montage 50 1.0 1556.028 1.816 23
Montage 50 1.0 1556.633 1.841 23
Montage 50 1.0 1556.359 1.833 23
Montage 50 1.0 1556.357 1.842 23
Montage 50 1.0 1556.411 1.820 23
Montage 50 1.0 1555.987 1.824 23
Montage 50 1.0 1555.739 1.820 23
Montage 100 1.0 3294.772 5.332 12
Montage 100 1.0 3294.233 5.342 12
Montage 100 1.0 3294.800 5.319 12
Montage 100 1.0 3294.247 5.335 12
Montage 100 1.0 3294.998 5.320 12
Montage 100 1.0 3295.103 5.334 12
Montage 100 1.0 3294.436 5.278 12
Montage 100 1.0 3295.080 5.286 12
Montage 100 1.0 3295.337 5.278 12
Montage 100 1.0 3294.289 5.274 12
Sipht 29 1.0 18152.432 1.439 64
Sipht 29 1.0 18152.432 1.444 65
Sipht 29 1.0 18152.432 1.448 64
Sipht 29 1.0 18152.432 1.441 64
Sipht 29 1.0 18152.432 1.439 65
Sipht 29 1.0 18152.432 1.444 64
Sipht 29 1.0 18152.432 1.443 64
Sipht 29 1.0 18152.432 1.445 64
Sipht 29 1.0 18152.432 1.441 65
Sipht 29 1.0 18152.432 1.444 64
Sipht 58 1.0 35271.311 4.972 47
Sipht 58 1.0 35271.311 4.977 47
Sipht 58 1.0 35270.315 4.949 47
Sipht 58 1.0 35271.311 4.953 47
Sipht 58 1.0 35270.357 4.999 48
Sipht 58 1.0 35271.335 4.952 47
Sipht 58 1.0 35271.335 4.958 47
Sipht 58 1.0 35271.311 4.965 47
Sipht 58 1.0 35270.054 4.968 47
Sipht 58 1.0 35270.054 4.951 47
Sipht 97 1.0 52439.411 15.234 41
Sipht 97 1.0 52439.268 15.305 43
Sipht 97 1.0 52439.440 15.277 42
Sipht 97 1.0 52439.454 15.287 43
Sipht 97 1.0 52439.522 15.190 42
Sipht 97 1.0 52440.090 15.292 43
Sipht 97 1.0 52439.919 15.241 43
Sipht 97 1.0 52439.408 15.197 42
Sipht 97 1.0 52439.399 15.313 42
Sipht 97 1.0 52439.421 15.215 42
