CyberShake 30 1.0 4449.292 1.395 54
CyberShake 30 1.0 4441.098 1.391 54
CyberShake 30 1.0 4442.896 1.397 54
CyberShake 30 1.0 4442.658 1.404 53
CyberShake 30 1.0 4441.097 1.392 54
CyberShake 30 1.0 4442.221 1.399 54
CyberShake 30 1.0 4441.099 1.402 54
CyberShake 30 1.0 4442.217 1.394 53
CyberShake 30 1.0 4442.257 1.394 53
CyberShake 30 1.0 4441.099 1.396 53
CyberShake 50 1.0 5962.810 2.369 31
CyberShake 50 1.0 5962.857 2.370 31
CyberShake 50 1.0 5961.734 2.372 29
CyberShake 50 1.0 5961.733 2.374 29
CyberShake 50 1.0 5962.800 2.365 31
CyberShake 50 1.0 5961.740 2.371 31
CyberShake 50 1.0 5961.733 2.341 30
CyberShake 50 1.0 5967.714 2.369 30
CyberShake 50 1.0 5961.746 2.370 31
CyberShake 50 1.0 5961.752 2.364 30
CyberShake 100 1.0 8771.625 8.084 19
CyberShake 100 1.0 8764.042 8.000 19
CyberShake 100 1.0 8770.885 7.994 19
CyberShake 100 1.0 8759.768 8.035 19
CyberShake 100 1.0 8771.955 8.114 19
CyberShake 100 1.0 8794.329 7.980 19
CyberShake 100 1.0 8773.948 8.098 19
CyberShake 100 1.0 8789.843 8.033 21
CyberShake 100 1.0 8763.372 8.077 20
CyberShake 100 1.0 8783.839 8.035 19
Epigenomics 24 1.0 54826.729 0.821 52
Epigenomics 24 1.0 54835.130 0.819 52
Epigenomics 24 1.0 54825.757 0.825 52
Epigenomics 24 1.0 54804.122 0.821 52
Epigenomics 24 1.0 54835.124 0.827 51
Epigenomics 24 1.0 54800.390 0.826 53
Epigenomics 24 1.0 54814.239 0.823 52
Epigenomics 24 1.0 54816.126 0.822 52
Epigenomics 24 1.0 54810.880 0.821 52
Epigenomics 24 1.0 54827.911 0.824 52
Epigenomics 47 1.0 126079.701 2.624 39
Epigenomics 47 1.0 126081.581 2.630 38
Epigenomics 47 1.0 126083.529 2.621 39
Epigenomics 47 1.0 126080.814 2.632 39
Epigenomics 47 1.0 126083.222 2.607 39
Epigenomics 47 1.0 126076.347 2.614 38
Epigenomics 47 1.0 126073.757 2.627 40
Epigenomics 47 1.0 126078.019 2.631 38
Epigenomics 47 1.0 126080.830 2.632 38
Epigenomics 47 1.0 126083.636 2.600 37
Epigenomics 100 1.0 1222530.878 8.206 21
Epigenomics 100 1.0 1222519.602 8.221 21
Epigenomics 100 1.0 1222511.652 8.273 21
Epigenomics 100 1.0 1222515.917 8.151 20
Epigenomics 100 1.0 1222523.028 8.223 21
Epigenomics 100 1.0 1222516.215 8.193 20
Epigenomics 100 1.0 1222512.312 8.288 21
Epigenomics 100 1.0 1222515.208 8.241 21
Epigenomics 100 1.0 1222520.173 8.306 21
Epigenomics 100 1.0 1222513.863 8.152 20
Ligo 30 1.0 19973.125 1.080 41
Ligo 30 1.0 19973.129 1.072 41
Ligo 30 1.0 19983.098 1.079 41
Ligo 30 1.0 19972.940 1.079 42
Ligo 30 1.0 19972.967 1.080 41
Ligo 30 1.0 19972.980 1.069 40
Ligo 30 1.0 19990.858 1.078 40
Ligo 30 1.0 19972.981 1.073 41
Ligo 30 1.0 19975.000 1.083 41
Ligo 30 1.0 19972.976 1.081 41
Ligo 50 1.0 35498.547 1.938 22
Ligo 50 1.0 35502.612 1.959 22
Ligo 50 1.0 35495.925 1.952 23
Ligo 50 1.0 35499.320 1.952 24
Ligo 50 1.0 35497.722 1.945 24
Ligo 50 1.0 35500.287 1.972 23
Ligo 50 1.0 35497.218 1.953 23
Ligo 50 1.0 35496.008 1.956 23
Ligo 50 1.0 35503.616 1.973 23
Ligo 50 1.0 35502.222 1.943 24
Ligo 100 1.0 63443.802 6.184 16
Ligo 100 1.0 63442.774 6.175 16
Ligo 100 1.0 63443.797 6.290 17
Ligo 100 1.0 63444.667 6.316 17
Ligo 100 1.0 63444.230 6.239 16
Ligo 100 1.0 63443.170 6.183 16
Ligo 100 1.0 63443.245 6.183 16
Ligo 100 1.0 63444.437 6.351 17
Ligo 100 1.0 63445.829 6.244 16
Ligo 100 1.0 63444.782 6.179 16
Montage 25 1.0 705.717 0.800 44
Montage 25 1.0 705.728 0.799 46
Montage 25 1.0 705.503 0.804 44
Montage 25 1.0 705.503 0.798 44
Montage 25 1.0 705.717 0.796 44
Montage 25 1.0 705.655 0.794 43
Montage 25 1.0 705.717 0.797 45
Montage 25 1.0 705.503 0.798 43
Montage 25 1.0 705.503 0.799 45
Montage 25 1.0 705.503 0.794 43
Montage 50 1.0 1556.210 1.831 23
Montage 50 1.0 1556.358 1.823 23
Montage 50 1.0 1556.422 1.830 23
Montage 50 1.0 1556.512 1.807 22
Montage 50 1.0 1556.367 1.820 23
Montage 50 1.0 1556.646 1.822 23
Montage 50 1.0 1556.356 1.821 23
Montage 50 1.0 1556.176 1.826 23
Montage 50 1.0 1556.270 1.821 23
Montage 50 1.0 1556.306 1.844 23
Montage 100 1.0 3294.722 5.270 12
Montage 100 1.0 3294.674 5.307 12
Montage 100 1.0 3295.238 5.286 12
Montage 100 1.0 3294.945 5.274 12
Montage 100 1.0 3294.958 5.276 12
Montage 100 1.0 3294.792 5.278 12
Montage 100 1.0 3294.411 5.429 13
Montage 100 1.0 3294.918 5.291 12
Montage 100 1.0 3294.123 5.289 12
Montage 100 1.0 3294.601 5.277 12
Sipht 29 1.0 18152.432 1.449 65
Sipht 29 1.0 18152.432 1.444 64
Sipht 29 1.0 18152.432 1.439 65
Sipht 29 1.0 18152.432 1.445 64
Sipht 29 1.0 18152.432 1.443 64
Sipht 29 1.0 18152.432 1.444 64
Sipht 29 1.0 18152.432 1.442 65
Sipht 29 1.0 18152.432 1.448 64
Sipht 29 1.0 18152.432 1.442 65
Sipht 29 1.0 18152.432 1.442 65
Sipht 58 1.0 35270.033 4.956 47
Sipht 58 1.0 35270.376 4.940 46
Sipht 58 1.0 35271.634 4.992 48
Sipht 58 1.0 35270.054 4.967 46
Sipht 58 1.0 35271.335 4.983 47
Sipht 58 1.0 35271.311 4.956 47
Sipht 58 1.0 35269.377 4.978 47
Sipht 58 1.0 35271.335 4.992 47
Sipht 58 1.0 35271.335 4.997 47
Sipht 58 1.0 35270.054 4.984 47
Sipht 97 1.0 52439.423 15.289 43
Sipht 97 1.0 52439.148 15.294 43
Sipht 97 1.0 52440.047 15.297 43
Sipht 97 1.0 52439.387 15.345 43
Sipht 97 1.0 52440.187 15.213 41
Sipht 97 1.0 52439.410 15.198 43
Sipht 97 1.0 52439.405 15.265 43
Sipht 97 1.0 52439.205 15.181 42
Sipht 97 1.0 52440.182 15.245 42
Sipht 97 1.0 52439.910 15.189 43
