CyberShake 30 1.0 4450.457 1.397 54
CyberShake 30 1.0 4449.292 1.401 55
CyberShake 30 1.0 4442.221 1.394 54
CyberShake 30 1.0 4442.896 1.394 53
CyberShake 30 1.0 4447.010 1.396 54
CyberShake 30 1.0 4451.443 1.392 54
CyberShake 30 1.0 4442.888 1.391 54
CyberShake 30 1.0 4450.799 1.390 54
CyberShake 30 1.0 4449.131 1.403 55
CyberShake 30 1.0 4442.827 1.392 54
CyberShake 50 1.0 5961.734 2.356 29
CyberShake 50 1.0 5980.846 2.341 30
CyberShake 50 1.0 5978.150 2.358 30
CyberShake 50 1.0 5962.797 2.376 31
CyberShake 50 1.0 5966.672 2.360 31
CyberShake 50 1.0 5961.734 2.345 30
CyberShake 50 1.0 5961.820 2.350 30
CyberShake 50 1.0 5971.492 2.366 31
CyberShake 50 1.0 5961.766 2.348 30
CyberShake 50 1.0 5962.798 2.359 30
CyberShake 100 1.0 8745.759 8.056 19
CyberShake 100 1.0 8768.168 7.946 18
CyberShake 100 1.0 8752.226 8.019 19
CyberShake 100 1.0 8789.190 8.020 19
CyberShake 100 1.0 8773.723 8.031 19
CyberShake 100 1.0 8748.704 7.977 19
CyberShake 100 1.0 8745.790 8.079 20
CyberShake 100 1.0 8766.308 8.098 19
CyberShake 100 1.0 8767.886 7.972 19
CyberShake 100 1.0 8782.286 8.002 21
Epigenomics 24 1.0 54817.731 0.826 53
Epigenomics 24 1.0 54812.586 0.818 52
Epigenomics 24 1.0 54821.682 0.818 52
Epigenomics 24 1.0 54801.918 0.818 52
Epigenomics 24 1.0 54810.620 0.820 51
Epigenomics 24 1.0 54828.963 0.823 49
Epigenomics 24 1.0 54819.748 0.819 51
Epigenomics 24 1.0 54811.891 0.821 52
Epigenomics 24 1.0 54807.676 0.820 52
Epigenomics 24 1.0 54818.538 0.824 53
Epigenomics 47 1.0 126082.697 2.632 37
Epigenomics 47 1.0 126081.485 2.604 37
Epigenomics 47 1.0 126080.168 2.607 37
Epigenomics 47 1.0 126080.801 2.601 39
Epigenomics 47 1.0 126079.737 2.600 36
Epigenomics 47 1.0 126081.114 2.614 37
Epigenomics 47 1.0 126077.805 2.604 39
Epigenomics 47 1.0 126094.299 2.602 37
Epigenomics 47 1.0 126083.228 2.609 38
Epigenomics 47 1.0 126079.525 2.629 38
Epigenomics 100 1.0 1222515.493 8.262 21
Epigenomics 100 1.0 1222512.026 8.177 20
Epigenomics 100 1.0 1222514.569 8.149 20
Epigenomics 100 1.0 1222513.213 8.137 19
Epigenomics 100 1.0 1222512.197 8.276 20
Epigenomics 100 1.0 1222511.453 8.210 20
Epigenomics 100 1.0 1222513.865 8.245 21
Epigenomics 100 1.0 1222510.227 8.236 20
Epigenomics 100 1.0 1222508.588 8.136 20
Epigenomics 100 1.0 1222520.455 8.199 20
Ligo 30 1.0 19973.162 1.081 41
Ligo 30 1.0 19981.242 1.077 41
Ligo 30 1.0 19981.153 1.083 42
Ligo 30 1.0 19972.975 1.075 40
Ligo 30 1.0 19973.668 1.076 39
Ligo 30 1.0 19973.389 1.078 43
Ligo 30 1.0 19981.153 1.072 41
Ligo 30 1.0 19974.925 1.080 42
Ligo 30 1.0 19973.012 1.074 41
Ligo 30 1.0 19973.387 1.069 40
Ligo 50 1.0 35499.375 1.945 23
Ligo 50 1.0 35498.615 1.975 25
Ligo 50 1.0 35496.699 1.956 23
Ligo 50 1.0 35498.619 1.976 23
Ligo 50 1.0 35498.523 1.962 23
Ligo 50 1.0 35496.112 1.951 22
Ligo 50 1.0 35501.993 1.960 22
Ligo 50 1.0 35495.785 1.967 24
Ligo 50 1.0 35496.822 1.971 24
Ligo 50 1.0 35502.626 1.943 22
Ligo 100 1.0 63442.785 6.303 17
Ligo 100 1.0 63442.957 6.184 16
Ligo 100 1.0 63446.452 6.180 16
Ligo 100 1.0 63443.538 6.178 16
Ligo 100 1.0 63443.774 6.168 16
Ligo 100 1.0 63444.400 6.282 16
Ligo 100 1.0 63444.357 6.335 17
Ligo 100 1.0 63442.901 6.166 16
Ligo 100 1.0 63444.935 6.274 17
Ligo 100 1.0 63443.938 6.190 16
Montage 25 1.0 705.657 0.804 45
Montage 25 1.0 705.503 0.804 45
Montage 25 1.0 705.825 0.800 43
Montage 25 1.0 705.503 0.795 44
Montage 25 1.0 705.717 0.794 44
Montage 25 1.0 705.717 0.801 46
Montage 25 1.0 705.655 0.798 44
Montage 25 1.0 705.717 0.798 44
Montage 25 1.0 705.728 0.795 46
Montage 25 1.0 705.728 0.798 46
Montage 50 1.0 1556.456 1.816 23
Montage 50 1.0 1556.293 1.839 24
Montage 50 1.0 1556.703 1.835 23
Montage 50 1.0 1556.021 1.844 24
Montage 50 1.0 1556.336 1.837 23
Montage 50 1.0 1556.128 1.843 24
Montage 50 1.0 1556.623 1.837 23
Montage 50 1.0 1556.220 1.843 23
Montage 50 1.0 1556.409 1.816 23
Montage 50 1.0 1555.940 1.834 23
Montage 100 1.0 3294.941 5.279 12
Montage 100 1.0 3295.498 5.277 12
Montage 100 1.0 3294.384 5.280 12
Montage 100 1.0 3293.734 5.276 12
Montage 100 1.0 3294.448 5.276 12
Montage 100 1.0 3294.851 5.271 12
Montage 100 1.0 3294.501 5.278 12
Montage 100 1.0 3295.476 5.283 12
Montage 100 1.0 3294.916 5.335 12
Montage 100 1.0 3295.114 5.335 12
Sipht 29 1.0 18152.432 1.446 65
Sipht 29 1.0 18152.432 1.440 65
Sipht 29 1.0 18152.432 1.442 65
Sipht 29 1.0 18152.432 1.443 65
Sipht 29 1.0 18152.432 1.446 64
Sipht 29 1.0 18152.432 1.442 64
Sipht 29 1.0 18152.432 1.439 65
Sipht 29 1.0 18152.432 1.439 64
Sipht 29 1.0 18152.432 1.446 64
Sipht 29 1.0 18152.432 1.443 65
Sipht 58 1.0 35271.311 4.991 47
Sipht 58 1.0 35271.335 4.971 47
Sipht 58 1.0 35271.311 4.951 46
Sipht 58 1.0 35271.335 4.945 47
Sipht 58 1.0 35271.311 4.997 47
Sipht 58 1.0 35271.335 4.973 47
Sipht 58 1.0 35271.335 4.994 47
Sipht 58 1.0 35271.335 4.979 47
Sipht 58 1.0 35271.311 4.963 47
Sipht 58 1.0 35264.078 4.953 46
Sipht 97 1.0 52439.882 15.360 43
Sipht 97 1.0 52439.583 15.204 42
Sipht 97 1.0 52439.492 15.321 42
Sipht 97 1.0 52439.939 15.206 43
Sipht 97 1.0 52439.453 15.230 43
Sipht 97 1.0 52439.437 15.208 43
Sipht 97 1.0 52439.460 15.325 43
Sipht 97 1.0 52439.417 15.299 43
Sipht 97 1.0 52439.443 15.320 43
Sipht 97 1.0 52439.416 15.218 42
