CyberShake 30 1.0 4442.896 1.403 54
CyberShake 30 1.0 4442.897 1.397 54
CyberShake 30 1.0 4442.896 1.417 42
CyberShake 30 1.0 4442.221 1.400 54
CyberShake 30 1.0 4441.105 1.398 54
CyberShake 30 1.0 4441.099 1.398 55
CyberShake 30 1.0 4442.899 1.392 54
CyberShake 30 1.0 4442.221 1.396 54
CyberShake 30 1.0 4442.897 1.398 54
CyberShake 30 1.0 4442.217 1.399 54
CyberShake 50 1.0 5962.879 2.365 29
CyberShake 50 1.0 5961.797 2.334 28
CyberShake 50 1.0 5961.734 2.373 30
CyberShake 50 1.0 5962.857 2.334 29
CyberShake 50 1.0 5962.824 2.359 30
CyberShake 50 1.0 5961.745 2.368 30
CyberShake 50 1.0 5962.826 2.371 29
CyberShake 50 1.0 5963.003 2.358 29
CyberShake 50 1.0 5961.742 2.355 29
CyberShake 50 1.0 5961.733 2.356 31
CyberShake 100 1.0 8773.536 8.054 19
CyberShake 100 1.0 8788.973 8.105 19
CyberShake 100 1.0 8755.273 7.998 19
CyberShake 100 1.0 8758.954 8.010 19
CyberShake 100 1.0 8782.694 8.011 19
CyberShake 100 1.0 8751.459 8.073 19
CyberShake 100 1.0 8786.837 7.976 19
CyberShake 100 1.0 8756.055 8.143 19
CyberShake 100 1.0 8773.748 7.988 19
CyberShake 100 1.0 8785.393 7.985 21
Epigenomics 24 1.0 54816.106 0.825 51
Epigenomics 24 1.0 54828.107 0.821 51
Epigenomics 24 1.0 54799.561 0.825 54
Epigenomics 24 1.0 54807.367 0.826 54
Epigenomics 24 1.0 54818.793 0.823 53
Epigenomics 24 1.0 54828.677 0.827 53
Epigenomics 24 1.0 54826.592 0.820 52
Epigenomics 24 1.0 54808.217 0.818 52
Epigenomics 24 1.0 54824.340 0.819 52
Epigenomics 24 1.0 54798.475 0.818 52
Epigenomics 47 1.0 126083.820 2.608 39
Epigenomics 47 1.0 126083.360 2.627 38
Epigenomics 47 1.0 126077.280 2.613 38
Epigenomics 47 1.0 126081.104 2.614 38
Epigenomics 47 1.0 126079.812 2.622 39
Epigenomics 47 1.0 126082.464 2.629 39
Epigenomics 47 1.0 126078.102 2.636 39
Epigenomics 47 1.0 126081.869 2.624 38
Epigenomics 47 1.0 126079.577 2.607 37
Epigenomics 47 1.0 126080.966 2.616 38
Epigenomics 100 1.0 1222515.569 8.262 20
Epigenomics 100 1.0 1222518.417 8.129 19
Epigenomics 100 1.0 1222524.599 8.253 21
Epigenomics 100 1.0 1222510.286 8.166 21
Epigenomics 100 1.0 1222522.705 8.168 20
Epigenomics 100 1.0 1222520.169 8.216 20
Epigenomics 100 1.0 1222521.882 8.261 21
Epigenomics 100 1.0 1222512.820 8.285 20
Epigenomics 100 1.0 1222520.164 8.278 20
Epigenomics 100 1.0 1222520.745 8.257 20
Ligo 30 1.0 19973.004 1.079 41
Ligo 30 1.0 19973.668 1.079 41
Ligo 30 1.0 19983.128 1.080 40
Ligo 30 1.0 19973.128 1.073 40
Ligo 30 1.0 19983.354 1.075 42
Ligo 30 1.0 19981.336 1.071 40
Ligo 30 1.0 19973.216 1.070 41
Ligo 30 1.0 19973.063 1.070 40
Ligo 30 1.0 19972.927 1.083 43
Ligo 30 1.0 19973.422 1.078 39
Ligo 50 1.0 35499.604 1.970 24
Ligo 50 1.0 35498.883 1.966 23
Ligo 50 1.0 35499.064 1.972 25
Ligo 50 1.0 35499.681 1.951 23
Ligo 50 1.0 35495.727 1.968 23
Ligo 50 1.0 35499.487 1.962 25
Ligo 50 1.0 35496.593 1.965 23
Ligo 50 1.0 35498.983 1.965 23
Ligo 50 1.0 35500.080 1.940 22
Ligo 50 1.0 35497.979 1.966 23
Ligo 100 1.0 63445.030 6.202 16
Ligo 100 1.0 63442.808 6.176 16
Ligo 100 1.0 63443.876 6.168 16
Ligo 100 1.0 63444.146 6.334 17
Ligo 100 1.0 63447.888 6.196 16
Ligo 100 1.0 63442.781 6.320 17
Ligo 100 1.0 63446.183 6.282 16
Ligo 100 1.0 63442.897 6.279 17
Ligo 100 1.0 63444.736 6.233 16
Ligo 100 1.0 63442.642 6.281 16
Montage 25 1.0 705.503 0.807 44
Montage 25 1.0 705.728 0.801 46
Montage 25 1.0 705.503 0.797 45
Montage 25 1.0 705.657 0.804 46
Montage 25 1.0 705.728 0.796 46
Montage 25 1.0 705.503 0.804 45
Montage 25 1.0 705.503 0.796 43
Montage 25 1.0 705.717 0.797 44
Montage 25 1.0 705.503 0.797 44
Montage 25 1.0 705.503 0.801 45
Montage 50 1.0 1556.109 1.818 23
Montage 50 1.0 1556.037 1.828 23
Montage 50 1.0 1555.765 1.839 23
Montage 50 1.0 1555.951 1.820 23
Montage 50 1.0 1555.858 1.826 23
Montage 50 1.0 1556.357 1.835 23
Montage 50 1.0 1556.408 1.823 22
Montage 50 1.0 1556.357 1.841 23
Montage 50 1.0 1556.403 1.853 23
Montage 50 1.0 1556.369 1.817 22
Montage 100 1.0 3293.556 5.421 13
Montage 100 1.0 3293.563 5.276 12
Montage 100 1.0 3294.619 5.278 12
Montage 100 1.0 3294.311 5.274 12
Montage 100 1.0 3295.822 5.273 12
Montage 100 1.0 3295.183 5.277 12
Montage 100 1.0 3295.527 5.360 12
Montage 100 1.0 3296.063 5.258 12
Montage 100 1.0 3295.462 5.258 12
Montage 100 1.0 3295.025 5.323 12
Sipht 29 1.0 18152.432 1.443 65
Sipht 29 1.0 18152.432 1.450 64
Sipht 29 1.0 18152.432 1.446 65
Sipht 29 1.0 18152.432 1.446 65
Sipht 29 1.0 18152.432 1.450 65
Sipht 29 1.0 18152.432 1.442 65
Sipht 29 1.0 18152.432 1.444 64
Sipht 29 1.0 18152.432 1.442 65
Sipht 29 1.0 18152.432 1.449 64
Sipht 29 1.0 18152.432 1.445 65
Sipht 58 1.0 35271.311 4.992 47
Sipht 58 1.0 35264.078 4.962 47
Sipht 58 1.0 35264.078 4.968 46
Sipht 58 1.0 35270.054 4.975 47
Sipht 58 1.0 35271.335 4.986 48
Sipht 58 1.0 35269.736 4.984 47
Sipht 58 1.0 35271.311 4.956 46
Sipht 58 1.0 35271.311 4.965 47
Sipht 58 1.0 35270.033 4.952 47
Sipht 58 1.0 35270.357 4.993 48
Sipht 97 1.0 52439.377 15.178 43
Sipht 97 1.0 52439.450 15.219 42
Sipht 97 1.0 52439.226 15.353 43
Sipht 97 1.0 52439.458 15.201 42
Sipht 97 1.0 52439.177 15.256 43
Sipht 97 1.0 52439.241 15.233 42
Sipht 97 1.0 52439.286 15.332 43
Sipht 97 1.0 52439.255 15.205 43
Sipht 97 1.0 52440.110 15.182 41
Sipht 97 1.0 52440.897 15.330 43
