CyberShake 30 1.0 4441.507 1.391 56
CyberShake 30 1.0 4442.540 1.391 56
CyberShake 30 1.0 4441.982 1.391 56
CyberShake 30 1.0 4442.221 1.401 58
CyberShake 30 1.0 4442.212 1.394 57
CyberShake 30 1.0 4442.901 1.395 57
CyberShake 30 1.0 4441.982 1.401 57
CyberShake 30 1.0 4442.211 1.395 57
CyberShake 30 1.0 4441.105 1.399 58
CyberShake 30 1.0 4442.528 1.389 57
CyberShake 50 1.0 5970.372 2.359 30
CyberShake 50 1.0 5963.231 2.342 30
CyberShake 50 1.0 5971.252 2.343 31
CyberShake 50 1.0 5967.335 2.366 31
CyberShake 50 1.0 5971.778 2.367 32
CyberShake 50 1.0 5963.945 2.335 30
CyberShake 50 1.0 5968.471 2.366 31
CyberShake 50 1.0 5962.327 2.343 30
CyberShake 50 1.0 5962.778 2.344 30
CyberShake 50 1.0 5963.231 2.364 33
CyberShake 100 1.0 8769.559 8.000 20
CyberShake 100 1.0 8822.511 8.075 21
CyberShake 100 1.0 8807.546 7.976 20
CyberShake 100 1.0 8807.227 7.981 20
CyberShake 100 1.0 8810.116 8.023 20
CyberShake 100 1.0 8788.523 7.991 20
CyberShake 100 1.0 8762.311 8.104 21
CyberShake 100 1.0 8804.054 7.961 20
CyberShake 100 1.0 8775.812 8.039 20
CyberShake 100 1.0 8828.927 7.995 20
Epigenomics 24 1.0 54809.616 0.818 53
Epigenomics 24 1.0 54808.497 0.820 53
Epigenomics 24 1.0 54805.470 0.826 54
Epigenomics 24 1.0 54802.537 0.823 54
Epigenomics 24 1.0 54808.784 0.824 54
Epigenomics 24 1.0 54803.016 0.820 53
Epigenomics 24 1.0 54823.686 0.826 54
Epigenomics 24 1.0 54802.561 0.825 54
Epigenomics 24 1.0 54803.074 0.824 54
Epigenomics 24 1.0 54789.983 0.819 54
Epigenomics 47 1.0 126081.022 2.599 39
Epigenomics 47 1.0 126084.189 2.612 40
Epigenomics 47 1.0 126080.739 2.612 40
Epigenomics 47 1.0 126082.575 2.627 41
Epigenomics 47 1.0 126078.525 2.611 40
Epigenomics 47 1.0 126084.694 2.617 40
Epigenomics 47 1.0 126079.010 2.624 41
Epigenomics 47 1.0 126081.829 2.599 40
Epigenomics 47 1.0 126082.135 2.617 40
Epigenomics 47 1.0 126088.229 2.629 42
Epigenomics 100 1.0 1222524.672 8.236 22
Epigenomics 100 1.0 1222522.169 8.153 21
Epigenomics 100 1.0 1222518.144 8.149 21
Epigenomics 100 1.0 1222517.641 8.194 21
Epigenomics 100 1.0 1222515.254 8.183 21
Epigenomics 100 1.0 1222516.370 8.240 21
Epigenomics 100 1.0 1222512.245 8.159 21
Epigenomics 100 1.0 1222518.833 8.115 21
Epigenomics 100 1.0 1222517.074 8.146 21
Epigenomics 100 1.0 1222516.285 8.219 22
Ligo 30 1.0 19973.833 1.081 43
Ligo 30 1.0 19973.219 1.073 41
Ligo 30 1.0 19972.926 1.072 44
Ligo 30 1.0 19973.067 1.070 42
Ligo 30 1.0 19973.398 1.082 44
Ligo 30 1.0 19973.129 1.078 43
Ligo 30 1.0 19973.120 1.076 43
Ligo 30 1.0 19973.795 1.075 43
Ligo 30 1.0 19976.019 1.077 44
Ligo 30 1.0 19981.472 1.082 44
Ligo 50 1.0 35509.670 1.943 25
Ligo 50 1.0 35506.456 1.958 26
Ligo 50 1.0 35506.014 1.948 25
Ligo 50 1.0 35501.911 1.957 26
Ligo 50 1.0 35506.110 1.973 26
Ligo 50 1.0 35501.513 1.947 25
Ligo 50 1.0 35499.243 1.952 26
Ligo 50 1.0 35503.534 1.960 26
Ligo 50 1.0 35496.889 1.952 26
Ligo 50 1.0 35499.382 1.965 26
Ligo 100 1.0 63448.153 6.334 17
Ligo 100 1.0 63445.511 6.329 17
Ligo 100 1.0 63446.653 6.165 16
Ligo 100 1.0 63451.788 6.305 17
Ligo 100 1.0 63445.387 6.319 17
Ligo 100 1.0 63445.483 6.165 16
Ligo 100 1.0 63450.874 6.297 17
Ligo 100 1.0 63445.512 6.313 17
Ligo 100 1.0 63442.760 6.310 17
Ligo 100 1.0 63443.855 6.312 17
Montage 25 1.0 705.503 0.804 46
Montage 25 1.0 705.503 0.797 45
Montage 25 1.0 705.503 0.801 46
Montage 25 1.0 705.503 0.801 45
Montage 25 1.0 705.655 0.803 46
Montage 25 1.0 705.503 0.800 46
Montage 25 1.0 705.657 0.796 47
Montage 25 1.0 705.657 0.798 47
Montage 25 1.0 705.503 0.800 46
Montage 25 1.0 705.503 0.800 46
Montage 50 1.0 1556.839 1.805 23
Montage 50 1.0 1556.601 1.837 24
Montage 50 1.0 1556.369 1.830 24
Montage 50 1.0 1556.359 1.820 24
Montage 50 1.0 1556.844 1.829 24
Montage 50 1.0 1556.867 1.820 24
Montage 50 1.0 1556.570 1.839 24
Montage 50 1.0 1556.773 1.823 24
Montage 50 1.0 1556.682 1.824 24
Montage 50 1.0 1556.102 1.822 24
Montage 100 1.0 3295.876 5.321 12
Montage 100 1.0 3295.285 5.336 12
Montage 100 1.0 3295.521 5.336 12
Montage 100 1.0 3296.285 5.351 12
Montage 100 1.0 3296.135 5.386 12
Montage 100 1.0 3295.100 5.343 12
Montage 100 1.0 3296.285 5.279 12
Montage 100 1.0 3293.907 5.277 12
Montage 100 1.0 3295.906 5.299 12
Montage 100 1.0 3296.142 5.276 12
Sipht 29 1.0 18152.432 1.442 66
Sipht 29 1.0 18152.432 1.444 66
Sipht 29 1.0 18152.432 1.440 66
Sipht 29 1.0 18152.432 1.450 67
Sipht 29 1.0 18152.432 1.438 65
Sipht 29 1.0 18152.432 1.443 66
Sipht 29 1.0 18152.432 1.440 66
Sipht 29 1.0 18152.432 1.450 67
Sipht 29 1.0 18152.432 1.450 67
Sipht 29 1.0 18152.432 1.440 66
Sipht 58 1.0 35263.262 4.956 50
Sipht 58 1.0 35271.335 4.945 49
Sipht 58 1.0 35271.335 4.992 50
Sipht 58 1.0 35269.397 4.943 49
Sipht 58 1.0 35269.348 4.960 50
Sipht 58 1.0 35268.053 4.979 50
Sipht 58 1.0 35269.370 4.977 50
Sipht 58 1.0 35269.377 4.946 50
Sipht 58 1.0 35264.075 4.957 50
Sipht 58 1.0 35263.262 4.975 50
Sipht 97 1.0 52439.249 15.338 44
Sipht 97 1.0 52439.271 15.338 43
Sipht 97 1.0 52439.258 15.261 43
Sipht 97 1.0 52439.415 15.228 43
Sipht 97 1.0 52440.129 15.322 43
Sipht 97 1.0 52439.247 15.268 43
Sipht 97 1.0 52439.284 15.265 43
Sipht 97 1.0 52439.428 15.186 43
Sipht 97 1.0 52439.290 15.249 44
Sipht 97 1.0 52439.516 15.243 44
