CyberShake 30 1.0 4442.530 1.394 53
CyberShake 30 1.0 4445.867 1.396 54
CyberShake 30 1.0 4441.098 1.390 53
CyberShake 30 1.0 4442.896 1.389 53
CyberShake 30 1.0 4442.214 1.400 54
CyberShake 30 1.0 4441.975 1.398 54
CyberShake 30 1.0 4442.218 1.401 53
CyberShake 30 1.0 4442.214 1.390 52
CyberShake 30 1.0 4442.214 1.393 54
CyberShake 30 1.0 4442.212 1.399 54
CyberShake 50 1.0 5961.732 2.361 30
CyberShake 50 1.0 5961.743 2.335 28
CyberShake 50 1.0 5961.733 2.356 29
CyberShake 50 1.0 5961.742 2.338 28
CyberShake 50 1.0 5962.828 2.357 29
CyberShake 50 1.0 5961.754 2.369 29
CyberShake 50 1.0 5961.872 2.343 28
CyberShake 50 1.0 5961.733 2.341 29
CyberShake 50 1.0 5961.787 2.366 29
CyberShake 50 1.0 5967.739 2.358 30
CyberShake 100 1.0 8774.161 7.963 18
CyberShake 100 1.0 8791.600 8.028 19
CyberShake 100 1.0 8758.428 7.983 18
CyberShake 100 1.0 8786.543 8.058 21
CyberShake 100 1.0 8770.668 7.971 18
CyberShake 100 1.0 8752.732 8.061 19
CyberShake 100 1.0 8799.834 8.031 21
CyberShake 100 1.0 8772.784 8.042 21
CyberShake 100 1.0 8784.371 7.981 18
CyberShake 100 1.0 8780.163 8.003 20
Epigenomics 24 1.0 54818.127 0.823 50
Epigenomics 24 1.0 54824.657 0.824 51
Epigenomics 24 1.0 54802.537 0.825 52
Epigenomics 24 1.0 54805.974 0.826 51
Epigenomics 24 1.0 54796.610 0.821 51
Epigenomics 24 1.0 54810.208 0.826 52
Epigenomics 24 1.0 54801.506 0.819 51
Epigenomics 24 1.0 54816.445 0.825 51
Epigenomics 24 1.0 54794.124 0.823 53
Epigenomics 24 1.0 54825.251 0.826 50
Epigenomics 47 1.0 126077.445 2.615 38
Epigenomics 47 1.0 126081.316 2.630 38
Epigenomics 47 1.0 126084.817 2.608 37
Epigenomics 47 1.0 126081.206 2.624 38
Epigenomics 47 1.0 126078.019 2.603 36
Epigenomics 47 1.0 126087.121 2.611 37
Epigenomics 47 1.0 126077.701 2.624 37
Epigenomics 47 1.0 126084.275 2.619 36
Epigenomics 47 1.0 126079.943 2.620 39
Epigenomics 47 1.0 126080.226 2.613 36
Epigenomics 100 1.0 1222516.364 8.252 19
Epigenomics 100 1.0 1222521.836 8.157 19
Epigenomics 100 1.0 1222515.333 8.133 19
Epigenomics 100 1.0 1222524.821 8.170 19
Epigenomics 100 1.0 1222511.002 8.189 19
Epigenomics 100 1.0 1222519.629 8.200 19
Epigenomics 100 1.0 1222512.693 8.180 18
Epigenomics 100 1.0 1222511.489 8.172 19
Epigenomics 100 1.0 1222511.541 8.273 19
Epigenomics 100 1.0 1222523.794 8.223 20
Ligo 30 1.0 19973.662 1.079 34
Ligo 30 1.0 19973.482 1.074 40
Ligo 30 1.0 19973.114 1.078 40
Ligo 30 1.0 19981.609 1.081 40
Ligo 30 1.0 19981.474 1.081 42
Ligo 30 1.0 19973.398 1.080 42
Ligo 30 1.0 19981.724 1.074 40
Ligo 30 1.0 19981.489 1.078 41
Ligo 30 1.0 19973.833 1.070 41
Ligo 30 1.0 19972.963 1.077 39
Ligo 50 1.0 35498.540 1.954 22
Ligo 50 1.0 35502.091 1.953 22
Ligo 50 1.0 35497.268 1.966 23
Ligo 50 1.0 35504.599 1.970 24
Ligo 50 1.0 35496.437 1.973 23
Ligo 50 1.0 35497.618 1.949 23
Ligo 50 1.0 35499.060 1.965 24
Ligo 50 1.0 35502.227 1.969 24
Ligo 50 1.0 35496.032 1.955 23
Ligo 50 1.0 35498.325 1.953 23
Ligo 100 1.0 63442.877 6.256 14
Ligo 100 1.0 63444.432 6.251 14
Ligo 100 1.0 63444.271 6.177 13
Ligo 100 1.0 63443.152 6.292 14
Ligo 100 1.0 63446.980 6.267 14
Ligo 100 1.0 63444.779 6.262 14
Ligo 100 1.0 63448.858 6.278 14
Ligo 100 1.0 63444.231 6.266 14
Ligo 100 1.0 63443.939 6.320 14
Ligo 100 1.0 63449.493 6.248 14
Montage 25 1.0 705.503 0.798 44
Montage 25 1.0 705.503 0.797 43
Montage 25 1.0 705.717 0.798 43
Montage 25 1.0 705.717 0.800 44
Montage 25 1.0 705.503 0.803 43
Montage 25 1.0 705.856 0.796 43
Montage 25 1.0 705.503 0.799 42
Montage 25 1.0 705.503 0.798 43
Montage 25 1.0 705.503 0.803 43
Montage 25 1.0 705.749 0.795 43
Montage 50 1.0 1556.276 1.837 21
Montage 50 1.0 1555.982 1.823 21
Montage 50 1.0 1555.962 1.815 21
Montage 50 1.0 1556.283 1.834 21
Montage 50 1.0 1556.000 1.834 21
Montage 50 1.0 1556.216 1.806 20
Montage 50 1.0 1556.220 1.839 21
Montage 50 1.0 1556.293 1.838 21
Montage 50 1.0 1556.231 1.833 21
Montage 50 1.0 1556.337 1.838 21
Montage 100 1.0 3295.795 5.389 13
Montage 100 1.0 3295.306 5.395 13
Montage 100 1.0 3295.872 5.326 12
Montage 100 1.0 3295.405 5.390 13
Montage 100 1.0 3295.065 5.393 13
Montage 100 1.0 3295.388 5.396 13
Montage 100 1.0 3295.514 5.374 13
Montage 100 1.0 3295.456 5.367 13
Montage 100 1.0 3295.035 5.275 12
Montage 100 1.0 3295.113 5.418 13
Sipht 29 1.0 18152.432 1.439 62
Sipht 29 1.0 18152.432 1.447 63
Sipht 29 1.0 18152.432 1.448 63
Sipht 29 1.0 18152.432 1.446 63
Sipht 29 1.0 18152.432 1.449 63
Sipht 29 1.0 18152.432 1.444 63
Sipht 29 1.0 18152.432 1.450 63
Sipht 29 1.0 18152.432 1.453 55
Sipht 29 1.0 18152.432 1.443 58
Sipht 29 1.0 18152.432 1.444 63
Sipht 58 1.0 35271.311 4.941 46
Sipht 58 1.0 35271.311 4.953 47
Sipht 58 1.0 35271.311 4.966 46
Sipht 58 1.0 35271.335 4.951 47
Sipht 58 1.0 35270.649 4.941 46
Sipht 58 1.0 35268.416 4.967 48
Sipht 58 1.0 35271.311 4.947 47
Sipht 58 1.0 35271.311 4.969 47
Sipht 58 1.0 35271.335 4.978 47
Sipht 58 1.0 35270.357 4.957 48
Sipht 97 1.0 52439.213 15.255 43
Sipht 97 1.0 52439.871 15.182 41
Sipht 97 1.0 52439.446 15.240 43
Sipht 97 1.0 52440.047 15.213 41
Sipht 97 1.0 52439.784 15.327 43
Sipht 97 1.0 52439.491 15.278 41
Sipht 97 1.0 52439.422 15.324 41
Sipht 97 1.0 52439.406 15.294 42
Sipht 97 1.0 52439.416 15.199 41
Sipht 97 1.0 52440.158 15.241 43
