CyberShake 30 1.0 4442.896 1.401 53
CyberShake 30 1.0 4442.214 1.399 54
CyberShake 30 1.0 4442.897 1.392 53
CyberShake 30 1.0 4442.214 1.391 53
CyberShake 30 1.0 4441.099 1.399 54
CyberShake 30 1.0 4442.219 1.395 53
CyberShake 30 1.0 4442.217 1.399 54
CyberShake 30 1.0 4448.852 1.394 53
CyberShake 30 1.0 4441.099 1.391 52
CyberShake 30 1.0 4441.097 1.403 54
CyberShake 50 1.0 5961.787 2.374 30
CyberShake 50 1.0 5961.732 2.361 29
CyberShake 50 1.0 5961.740 2.367 29
CyberShake 50 1.0 5961.787 2.337 30
CyberShake 50 1.0 5961.734 2.366 31
CyberShake 50 1.0 5967.706 2.348 29
CyberShake 50 1.0 5961.844 2.371 29
CyberShake 50 1.0 5961.778 2.367 31
CyberShake 50 1.0 5962.806 2.338 30
CyberShake 50 1.0 5961.732 2.339 30
CyberShake 100 1.0 8746.021 8.052 19
CyberShake 100 1.0 8777.527 8.111 20
CyberShake 100 1.0 8769.950 8.076 19
CyberShake 100 1.0 8764.233 8.065 19
CyberShake 100 1.0 8795.244 8.033 19
CyberShake 100 1.0 8768.516 8.062 19
CyberShake 100 1.0 8767.427 8.048 19
CyberShake 100 1.0 8760.554 8.024 19
CyberShake 100 1.0 8766.591 8.062 19
CyberShake 100 1.0 8775.408 8.067 19
Epigenomics 24 1.0 54828.720 0.820 52
Epigenomics 24 1.0 54822.838 0.823 53
Epigenomics 24 1.0 54811.208 0.824 53
Epigenomics 24 1.0 54824.501 0.820 52
Epigenomics 24 1.0 54829.595 0.823 52
Epigenomics 24 1.0 54809.796 0.820 52
Epigenomics 24 1.0 54830.321 0.824 52
Epigenomics 24 1.0 54819.239 0.822 52
Epigenomics 24 1.0 54827.816 0.820 52
Epigenomics 24 1.0 54807.448 0.825 53
Epigenomics 47 1.0 126084.412 2.629 37
Epigenomics 47 1.0 126080.737 2.601 38
Epigenomics 47 1.0 126078.154 2.604 39
Epigenomics 47 1.0 126089.227 2.635 37
Epigenomics 47 1.0 126079.360 2.629 37
Epigenomics 47 1.0 126078.578 2.611 38
Epigenomics 47 1.0 126082.789 2.608 38
Epigenomics 47 1.0 126085.800 2.606 38
Epigenomics 47 1.0 126078.710 2.630 38
Epigenomics 47 1.0 126077.597 2.605 37
Epigenomics 100 1.0 1222517.295 8.129 20
Epigenomics 100 1.0 1222524.520 8.246 20
Epigenomics 100 1.0 1222517.348 8.198 20
Epigenomics 100 1.0 1222511.108 8.154 20
Epigenomics 100 1.0 1222520.797 8.149 20
Epigenomics 100 1.0 1222511.181 8.139 20
Epigenomics 100 1.0 1222518.153 8.143 20
Epigenomics 100 1.0 1222515.981 8.178 20
Epigenomics 100 1.0 1222521.706 8.163 20
Epigenomics 100 1.0 1222511.748 8.287 21
Ligo 30 1.0 19973.713 1.080 41
Ligo 30 1.0 19973.014 1.081 41
Ligo 30 1.0 19973.125 1.075 41
Ligo 30 1.0 19981.257 1.080 41
Ligo 30 1.0 19973.204 1.076 39
Ligo 30 1.0 19974.174 1.081 41
Ligo 30 1.0 19973.111 1.069 41
Ligo 30 1.0 19981.473 1.081 42
Ligo 30 1.0 19973.349 1.073 40
Ligo 30 1.0 19973.557 1.079 41
Ligo 50 1.0 35496.021 1.958 23
Ligo 50 1.0 35501.074 1.970 23
Ligo 50 1.0 35498.293 1.947 23
Ligo 50 1.0 35496.054 1.968 25
Ligo 50 1.0 35498.668 1.966 25
Ligo 50 1.0 35498.268 1.937 22
Ligo 50 1.0 35497.989 1.973 23
Ligo 50 1.0 35501.422 1.963 25
Ligo 50 1.0 35513.567 1.937 24
Ligo 50 1.0 35496.691 1.963 23
Ligo 100 1.0 63443.378 6.330 17
Ligo 100 1.0 63443.461 6.229 16
Ligo 100 1.0 63442.693 6.248 16
Ligo 100 1.0 63442.787 6.191 16
Ligo 100 1.0 63445.626 6.297 17
Ligo 100 1.0 63443.280 6.201 16
Ligo 100 1.0 63443.428 6.172 16
Ligo 100 1.0 63443.043 6.180 16
Ligo 100 1.0 63446.347 6.185 16
Ligo 100 1.0 63444.914 6.334 17
Montage 25 1.0 705.717 0.794 45
Montage 25 1.0 705.825 0.796 44
Montage 25 1.0 705.717 0.799 45
Montage 25 1.0 705.657 0.802 45
Montage 25 1.0 705.657 0.795 45
Montage 25 1.0 705.717 0.800 45
Montage 25 1.0 705.728 0.797 46
Montage 25 1.0 705.936 0.795 43
Montage 25 1.0 705.655 0.799 45
Montage 25 1.0 705.717 0.795 45
Montage 50 1.0 1556.389 1.837 23
Montage 50 1.0 1556.209 1.816 22
Montage 50 1.0 1556.295 1.816 22
Montage 50 1.0 1556.226 1.825 21
Montage 50 1.0 1556.294 1.811 22
Montage 50 1.0 1556.357 1.829 23
Montage 50 1.0 1556.326 1.805 22
Montage 50 1.0 1555.858 1.847 24
Montage 50 1.0 1556.232 1.827 23
Montage 50 1.0 1555.792 1.842 24
Montage 100 1.0 3293.658 5.311 12
Montage 100 1.0 3294.384 5.315 12
Montage 100 1.0 3293.947 5.325 12
Montage 100 1.0 3294.346 5.338 12
Montage 100 1.0 3294.940 5.327 12
Montage 100 1.0 3295.571 5.326 12
Montage 100 1.0 3294.900 5.317 12
Montage 100 1.0 3295.585 5.331 12
Montage 100 1.0 3294.421 5.282 12
Montage 100 1.0 3295.275 5.435 13
Sipht 29 1.0 18152.432 1.439 64
Sipht 29 1.0 18152.432 1.443 65
Sipht 29 1.0 18152.432 1.448 65
Sipht 29 1.0 18152.432 1.445 65
Sipht 29 1.0 18152.432 1.445 65
Sipht 29 1.0 18152.432 1.438 65
Sipht 29 1.0 18152.432 1.443 65
Sipht 29 1.0 18152.432 1.442 65
Sipht 29 1.0 18152.432 1.443 64
Sipht 29 1.0 18152.432 1.441 64
Sipht 58 1.0 35271.311 4.950 47
Sipht 58 1.0 35271.311 4.979 47
Sipht 58 1.0 35271.335 4.979 47
Sipht 58 1.0 35271.634 4.962 46
Sipht 58 1.0 35270.376 4.948 47
Sipht 58 1.0 35264.043 4.992 47
Sipht 58 1.0 35270.054 4.941 47
Sipht 58 1.0 35264.100 4.967 47
Sipht 58 1.0 35271.311 4.974 46
Sipht 58 1.0 35271.311 4.974 46
Sipht 97 1.0 52439.173 15.273 43
Sipht 97 1.0 52440.069 15.184 42
Sipht 97 1.0 52439.378 15.371 43
Sipht 97 1.0 52439.468 15.334 43
Sipht 97 1.0 52439.213 15.234 42
Sipht 97 1.0 52439.188 15.276 43
Sipht 97 1.0 52440.062 15.202 43
Sipht 97 1.0 52439.236 15.231 43
Sipht 97 1.0 52439.421 15.201 41
Sipht 97 1.0 52439.200 15.264 43
