CyberShake 30 1.0 4442.897 1.390 54
CyberShake 30 1.0 4442.899 1.396 54
CyberShake 30 1.0 4442.240 1.394 54
CyberShake 30 1.0 4442.211 1.399 54
CyberShake 30 1.0 4442.214 1.399 54
CyberShake 30 1.0 4441.977 1.401 54
CyberShake 30 1.0 4490.322 1.397 54
CyberShake 30 1.0 4447.300 1.396 54
CyberShake 30 1.0 4447.276 1.396 54
CyberShake 30 1.0 4442.886 1.401 54
CyberShake 50 1.0 5961.733 2.372 31
CyberShake 50 1.0 5961.732 2.361 29
CyberShake 50 1.0 5978.209 2.366 29
CyberShake 50 1.0 5969.268 2.363 31
CyberShake 50 1.0 5961.734 2.365 29
CyberShake 50 1.0 5981.840 2.367 29
CyberShake 50 1.0 5962.804 2.341 29
CyberShake 50 1.0 5966.674 2.375 29
CyberShake 50 1.0 5961.732 2.338 30
CyberShake 50 1.0 5961.734 2.375 31
CyberShake 100 1.0 8779.821 8.130 20
CyberShake 100 1.0 8773.937 8.054 19
CyberShake 100 1.0 8775.467 8.003 19
CyberShake 100 1.0 8760.680 8.060 19
CyberShake 100 1.0 8751.222 8.084 19
CyberShake 100 1.0 8768.093 8.037 19
CyberShake 100 1.0 8763.834 8.101 19
CyberShake 100 1.0 8797.319 8.102 19
CyberShake 100 1.0 8764.624 8.077 19
CyberShake 100 1.0 8752.370 8.003 19
Epigenomics 24 1.0 54810.909 0.824 52
Epigenomics 24 1.0 54812.191 0.824 53
Epigenomics 24 1.0 54789.983 0.820 53
Epigenomics 24 1.0 54807.029 0.823 53
Epigenomics 24 1.0 54815.938 0.824 52
Epigenomics 24 1.0 54818.178 0.820 51
Epigenomics 24 1.0 54831.548 0.818 52
Epigenomics 24 1.0 54794.939 0.818 52
Epigenomics 24 1.0 54820.514 0.827 53
Epigenomics 24 1.0 54801.658 0.819 53
Epigenomics 47 1.0 126080.755 2.616 38
Epigenomics 47 1.0 126088.994 2.633 38
Epigenomics 47 1.0 126082.121 2.627 39
Epigenomics 47 1.0 126091.492 2.603 37
Epigenomics 47 1.0 126082.031 2.630 38
Epigenomics 47 1.0 126078.554 2.633 40
Epigenomics 47 1.0 126079.797 2.617 38
Epigenomics 47 1.0 126086.666 2.610 38
Epigenomics 47 1.0 126080.107 2.632 39
Epigenomics 47 1.0 126085.519 2.611 40
Epigenomics 100 1.0 1222511.236 8.240 20
Epigenomics 100 1.0 1222522.334 8.194 20
Epigenomics 100 1.0 1222512.987 8.207 20
Epigenomics 100 1.0 1222513.602 8.124 20
Epigenomics 100 1.0 1222511.769 8.169 20
Epigenomics 100 1.0 1222519.534 8.153 21
Epigenomics 100 1.0 1222512.241 8.201 20
Epigenomics 100 1.0 1222515.739 8.202 20
Epigenomics 100 1.0 1222514.231 8.139 21
Epigenomics 100 1.0 1222511.357 8.133 20
Ligo 30 1.0 19972.967 1.076 40
Ligo 30 1.0 19974.070 1.069 41
Ligo 30 1.0 19972.963 1.074 41
Ligo 30 1.0 19973.204 1.078 42
Ligo 30 1.0 19981.523 1.076 41
Ligo 30 1.0 19975.509 1.082 41
Ligo 30 1.0 19973.389 1.071 40
Ligo 30 1.0 19973.521 1.070 41
Ligo 30 1.0 19973.022 1.073 41
Ligo 30 1.0 19972.963 1.075 41
Ligo 50 1.0 35496.959 1.942 22
Ligo 50 1.0 35496.361 1.964 23
Ligo 50 1.0 35498.527 1.958 22
Ligo 50 1.0 35497.502 1.961 23
Ligo 50 1.0 35499.566 1.946 23
Ligo 50 1.0 35497.595 1.953 22
Ligo 50 1.0 35501.035 1.976 23
Ligo 50 1.0 35495.587 1.938 22
Ligo 50 1.0 35498.782 1.965 23
Ligo 50 1.0 35503.894 1.943 23
Ligo 100 1.0 63444.876 6.174 16
Ligo 100 1.0 63443.034 6.165 16
Ligo 100 1.0 63443.769 6.350 17
Ligo 100 1.0 63445.046 6.325 17
Ligo 100 1.0 63443.981 6.174 16
Ligo 100 1.0 63443.341 6.217 16
Ligo 100 1.0 63442.796 6.278 17
Ligo 100 1.0 63444.193 6.195 16
Ligo 100 1.0 63444.811 6.318 17
Ligo 100 1.0 63443.573 6.174 16
Montage 25 1.0 705.503 0.796 44
Montage 25 1.0 705.657 0.799 46
Montage 25 1.0 705.503 0.797 44
Montage 25 1.0 705.728 0.796 46
Montage 25 1.0 705.503 0.799 45
Montage 25 1.0 705.728 0.804 46
Montage 25 1.0 705.717 0.804 45
Montage 25 1.0 705.503 0.801 44
Montage 25 1.0 705.717 0.796 46
Montage 25 1.0 705.503 0.804 46
Montage 50 1.0 1556.359 1.837 23
Montage 50 1.0 1556.029 1.825 23
Montage 50 1.0 1556.173 1.820 23
Montage 50 1.0 1556.229 1.824 23
Montage 50 1.0 1555.755 1.811 23
Montage 50 1.0 1556.392 1.825 23
Montage 50 1.0 1556.356 1.827 23
Montage 50 1.0 1556.400 1.831 23
Montage 50 1.0 1556.371 1.837 23
Montage 50 1.0 1556.283 1.833 23
Montage 100 1.0 3295.200 5.292 12
Montage 100 1.0 3295.099 5.271 12
Montage 100 1.0 3293.961 5.272 12
Montage 100 1.0 3295.052 5.291 12
Montage 100 1.0 3293.698 5.304 12
Montage 100 1.0 3295.453 5.278 12
Montage 100 1.0 3294.164 5.329 12
Montage 100 1.0 3295.606 5.315 12
Montage 100 1.0 3294.669 5.311 12
Montage 100 1.0 3294.257 5.337 12
Sipht 29 1.0 18152.432 1.444 65
Sipht 29 1.0 18152.432 1.446 65
Sipht 29 1.0 18152.432 1.447 65
Sipht 29 1.0 18152.432 1.444 65
Sipht 29 1.0 18152.432 1.439 65
Sipht 29 1.0 18152.432 1.444 65
Sipht 29 1.0 18152.432 1.445 65
Sipht 29 1.0 18152.432 1.442 65
Sipht 29 1.0 18152.432 1.439 65
Sipht 29 1.0 18152.432 1.443 65
Sipht 58 1.0 35271.311 4.998 47
Sipht 58 1.0 35271.335 4.999 47
Sipht 58 1.0 35271.311 4.994 47
Sipht 58 1.0 35271.311 4.946 46
Sipht 58 1.0 35271.311 4.967 47
Sipht 58 1.0 35271.634 4.960 46
Sipht 58 1.0 35271.311 4.979 47
Sipht 58 1.0 35271.335 4.993 47
Sipht 58 1.0 35264.100 4.981 46
Sipht 58 1.0 35271.311 4.972 47
Sipht 97 1.0 52439.408 15.223 42
Sipht 97 1.0 52439.475 15.333 43
Sipht 97 1.0 52439.867 15.280 43
Sipht 97 1.0 52439.884 15.328 43
Sipht 97 1.0 52440.181 15.311 43
Sipht 97 1.0 52439.225 15.182 42
Sipht 97 1.0 52439.498 15.263 42
Sipht 97 1.0 52439.926 15.250 43
Sipht 97 1.0 52440.784 15.373 44
Sipht 97 1.0 52439.524 15.195 41
