CyberShake 30 1.0 4442.215 1.399 54
CyberShake 30 1.0 4441.098 1.401 54
CyberShake 30 1.0 4442.215 1.400 55
CyberShake 30 1.0 4441.097 1.390 54
CyberShake 30 1.0 4446.916 1.394 53
CyberShake 30 1.0 4442.250 1.397 54
CyberShake 30 1.0 4441.097 1.392 54
CyberShake 30 1.0 4442.217 1.397 54
CyberShake 30 1.0 4441.097 1.394 53
CyberShake 30 1.0 4441.360 1.398 54
CyberShake 50 1.0 5961.787 2.357 29
CyberShake 50 1.0 5961.746 2.368 30
CyberShake 50 1.0 5967.632 2.356 30
CyberShake 50 1.0 5961.733 2.368 29
CyberShake 50 1.0 5961.785 2.338 29
CyberShake 50 1.0 5961.744 2.351 29
CyberShake 50 1.0 5961.734 2.368 31
CyberShake 50 1.0 5961.755 2.346 29
CyberShake 50 1.0 5962.827 2.362 29
CyberShake 50 1.0 5961.733 2.335 28
CyberShake 100 1.0 8772.002 8.091 19
CyberShake 100 1.0 8793.201 7.986 18
CyberShake 100 1.0 8777.694 7.956 18
CyberShake 100 1.0 8793.595 7.975 18
CyberShake 100 1.0 8802.431 7.948 18
CyberShake 100 1.0 8764.771 8.104 19
CyberShake 100 1.0 8764.409 7.979 18
CyberShake 100 1.0 8750.429 8.079 19
CyberShake 100 1.0 8788.032 8.065 21
CyberShake 100 1.0 8772.227 8.058 19
Epigenomics 24 1.0 54799.531 0.826 52
Epigenomics 24 1.0 54798.910 0.821 51
Epigenomics 24 1.0 54821.664 0.824 51
Epigenomics 24 1.0 54796.921 0.824 51
Epigenomics 24 1.0 54799.561 0.821 51
Epigenomics 24 1.0 54803.985 0.821 51
Epigenomics 24 1.0 54808.892 0.826 52
Epigenomics 24 1.0 54827.617 0.827 52
Epigenomics 24 1.0 54802.043 0.826 52
Epigenomics 24 1.0 54824.511 0.823 50
Epigenomics 47 1.0 126085.466 2.610 38
Epigenomics 47 1.0 126082.437 2.611 38
Epigenomics 47 1.0 126082.220 2.618 37
Epigenomics 47 1.0 126074.722 2.616 38
Epigenomics 47 1.0 126081.253 2.622 36
Epigenomics 47 1.0 126074.203 2.618 37
Epigenomics 47 1.0 126079.452 2.612 37
Epigenomics 47 1.0 126078.540 2.601 38
Epigenomics 47 1.0 126080.834 2.613 37
Epigenomics 47 1.0 126076.539 2.601 37
Epigenomics 100 1.0 1222514.374 8.179 18
Epigenomics 100 1.0 1222513.940 8.214 19
Epigenomics 100 1.0 1222512.869 8.238 19
Epigenomics 100 1.0 1222511.848 8.168 19
Epigenomics 100 1.0 1222518.677 8.248 19
Epigenomics 100 1.0 1222542.181 8.164 19
Epigenomics 100 1.0 1222516.031 8.165 19
Epigenomics 100 1.0 1222535.623 8.261 20
Epigenomics 100 1.0 1222512.701 8.194 19
Epigenomics 100 1.0 1222514.232 8.253 19
Ligo 30 1.0 19973.750 1.084 40
Ligo 30 1.0 19973.794 1.077 40
Ligo 30 1.0 19973.111 1.073 39
Ligo 30 1.0 19983.610 1.080 41
Ligo 30 1.0 19983.101 1.074 41
Ligo 30 1.0 19973.151 1.071 37
Ligo 30 1.0 19973.151 1.071 39
Ligo 30 1.0 19973.474 1.081 41
Ligo 30 1.0 19973.819 1.070 39
Ligo 30 1.0 19981.513 1.072 40
Ligo 50 1.0 35498.018 1.945 22
Ligo 50 1.0 35499.317 1.961 23
Ligo 50 1.0 35496.952 1.937 23
Ligo 50 1.0 35498.095 1.950 23
Ligo 50 1.0 35498.207 1.944 23
Ligo 50 1.0 35498.310 1.948 23
Ligo 50 1.0 35503.811 1.969 23
Ligo 50 1.0 35496.469 1.955 23
Ligo 50 1.0 35501.579 1.944 22
Ligo 50 1.0 35498.291 1.963 23
Ligo 100 1.0 63445.262 6.285 14
Ligo 100 1.0 63444.599 6.267 14
Ligo 100 1.0 63446.556 6.317 14
Ligo 100 1.0 63451.563 6.261 14
Ligo 100 1.0 63445.805 6.277 14
Ligo 100 1.0 63444.155 6.281 14
Ligo 100 1.0 63443.052 6.178 13
Ligo 100 1.0 63445.104 6.268 14
Ligo 100 1.0 63444.011 6.270 14
Ligo 100 1.0 63443.606 6.271 14
Montage 25 1.0 705.503 0.800 43
Montage 25 1.0 705.657 0.801 44
Montage 25 1.0 705.503 0.801 43
Montage 25 1.0 705.503 0.795 43
Montage 25 1.0 705.717 0.797 42
Montage 25 1.0 705.503 0.804 44
Montage 25 1.0 705.503 0.801 43
Montage 25 1.0 705.717 0.795 42
Montage 25 1.0 705.717 0.802 43
Montage 25 1.0 705.503 0.800 41
Montage 50 1.0 1556.272 1.830 21
Montage 50 1.0 1555.892 1.843 21
Montage 50 1.0 1556.318 1.827 21
Montage 50 1.0 1556.033 1.835 21
Montage 50 1.0 1556.398 1.820 21
Montage 50 1.0 1556.317 1.838 21
Montage 50 1.0 1556.257 1.821 21
Montage 50 1.0 1556.477 1.828 21
Montage 50 1.0 1556.058 1.814 21
Montage 50 1.0 1555.967 1.832 21
Montage 100 1.0 3295.848 5.387 13
Montage 100 1.0 3296.021 5.398 13
Montage 100 1.0 3294.663 5.389 13
Montage 100 1.0 3295.509 5.387 13
Montage 100 1.0 3295.778 5.384 13
Montage 100 1.0 3295.677 5.378 13
Montage 100 1.0 3295.790 5.406 13
Montage 100 1.0 3295.249 5.393 13
Montage 100 1.0 3295.358 5.374 13
Montage 100 1.0 3295.760 5.382 13
Sipht 29 1.0 18152.432 1.443 62
Sipht 29 1.0 18152.432 1.441 62
Sipht 29 1.0 18152.432 1.442 62
Sipht 29 1.0 18152.432 1.449 63
Sipht 29 1.0 18152.432 1.445 63
Sipht 29 1.0 18152.432 1.449 63
Sipht 29 1.0 18152.432 1.445 63
Sipht 29 1.0 18152.432 1.448 63
Sipht 29 1.0 18152.432 1.439 62
Sipht 29 1.0 18152.432 1.447 63
Sipht 58 1.0 35269.694 4.973 47
Sipht 58 1.0 35269.417 4.954 46
Sipht 58 1.0 35271.335 4.979 47
Sipht 58 1.0 35270.376 4.943 46
Sipht 58 1.0 35270.033 4.988 46
Sipht 58 1.0 35271.335 4.979 47
Sipht 58 1.0 35271.311 4.942 46
Sipht 58 1.0 35271.311 4.963 47
Sipht 58 1.0 35271.335 4.982 47
Sipht 58 1.0 35271.335 4.950 47
Sipht 97 1.0 52439.456 15.179 41
Sipht 97 1.0 52439.478 15.218 41
Sipht 97 1.0 52440.070 15.248 41
Sipht 97 1.0 52439.248 15.186 41
Sipht 97 1.0 52439.200 15.256 43
Sipht 97 1.0 52439.422 15.241 41
Sipht 97 1.0 52439.451 15.220 41
Sipht 97 1.0 52439.421 15.264 41
Sipht 97 1.0 52439.219 15.321 41
Sipht 97 1.0 52439.918 15.250 41
