CyberShake 30 1.0 4441.996 1.394 53
CyberShake 30 1.0 4442.214 1.390 53
CyberShake 30 1.0 4441.096 1.398 53
CyberShake 30 1.0 4447.276 1.398 54
CyberShake 30 1.0 4442.211 1.395 54
CyberShake 30 1.0 4441.911 1.401 54
CyberShake 30 1.0 4442.215 1.392 54
CyberShake 30 1.0 4441.100 1.390 53
CyberShake 30 1.0 4442.896 1.401 53
CyberShake 30 1.0 4441.099 1.399 54
CyberShake 50 1.0 5961.733 2.362 29
CyberShake 50 1.0 5961.760 2.358 29
CyberShake 50 1.0 5961.734 2.352 29
CyberShake 50 1.0 5961.858 2.344 29
CyberShake 50 1.0 5961.742 2.340 28
CyberShake 50 1.0 5963.120 2.343 29
CyberShake 50 1.0 5961.761 2.337 28
CyberShake 50 1.0 5961.734 2.366 29
CyberShake 50 1.0 5962.851 2.346 29
CyberShake 50 1.0 5962.857 2.363 31
CyberShake 100 1.0 8760.633 7.992 18
CyberShake 100 1.0 8792.841 8.077 21
CyberShake 100 1.0 8789.834 8.108 19
CyberShake 100 1.0 8781.490 8.088 19
CyberShake 100 1.0 8777.827 7.960 18
CyberShake 100 1.0 8793.047 7.949 18
CyberShake 100 1.0 8792.279 8.081 19
CyberShake 100 1.0 8770.120 8.108 21
CyberShake 100 1.0 8784.729 8.119 19
CyberShake 100 1.0 8764.861 8.023 21
Epigenomics 24 1.0 54811.304 0.823 50
Epigenomics 24 1.0 54812.041 0.825 51
Epigenomics 24 1.0 54797.550 0.821 52
Epigenomics 24 1.0 54798.453 0.819 51
Epigenomics 24 1.0 54816.945 0.821 50
Epigenomics 24 1.0 54824.486 0.822 50
Epigenomics 24 1.0 54822.585 0.824 50
Epigenomics 24 1.0 54811.497 0.823 51
Epigenomics 24 1.0 54813.524 0.823 52
Epigenomics 24 1.0 54812.704 0.823 51
Epigenomics 47 1.0 126076.813 2.605 38
Epigenomics 47 1.0 126078.840 2.625 38
Epigenomics 47 1.0 126081.260 2.608 38
Epigenomics 47 1.0 126076.628 2.629 38
Epigenomics 47 1.0 126081.862 2.612 38
Epigenomics 47 1.0 126091.926 2.625 38
Epigenomics 47 1.0 126082.289 2.615 39
Epigenomics 47 1.0 126084.107 2.609 38
Epigenomics 47 1.0 126077.523 2.613 36
Epigenomics 47 1.0 126080.113 2.616 37
Epigenomics 100 1.0 1222511.913 8.262 20
Epigenomics 100 1.0 1222519.426 8.166 20
Epigenomics 100 1.0 1222511.035 8.225 20
Epigenomics 100 1.0 1222513.825 8.198 19
Epigenomics 100 1.0 1222515.856 8.156 19
Epigenomics 100 1.0 1222511.660 8.212 19
Epigenomics 100 1.0 1222518.920 8.197 19
Epigenomics 100 1.0 1222518.708 8.214 19
Epigenomics 100 1.0 1222510.998 8.179 19
Epigenomics 100 1.0 1222514.250 8.154 19
Ligo 30 1.0 19972.980 1.074 40
Ligo 30 1.0 19974.640 1.079 39
Ligo 30 1.0 19973.810 1.080 41
Ligo 30 1.0 19972.928 1.071 39
Ligo 30 1.0 19973.680 1.072 41
Ligo 30 1.0 19973.349 1.075 40
Ligo 30 1.0 19973.379 1.077 40
Ligo 30 1.0 19973.428 1.078 40
Ligo 30 1.0 19973.234 1.076 41
Ligo 30 1.0 19973.404 1.076 40
Ligo 50 1.0 35497.178 1.960 23
Ligo 50 1.0 35498.011 1.951 23
Ligo 50 1.0 35502.981 1.953 23
Ligo 50 1.0 35498.674 1.943 23
Ligo 50 1.0 35497.201 1.966 23
Ligo 50 1.0 35499.394 1.952 22
Ligo 50 1.0 35504.037 1.962 23
Ligo 50 1.0 35502.448 1.946 23
Ligo 50 1.0 35499.376 1.942 23
Ligo 50 1.0 35499.055 1.953 23
Ligo 100 1.0 63444.823 6.182 13
Ligo 100 1.0 63450.663 6.288 14
Ligo 100 1.0 63447.483 6.251 14
Ligo 100 1.0 63443.879 6.292 14
Ligo 100 1.0 63445.618 6.176 13
Ligo 100 1.0 63446.312 6.318 14
Ligo 100 1.0 63445.600 6.296 14
Ligo 100 1.0 63443.992 6.294 14
Ligo 100 1.0 63443.962 6.180 13
Ligo 100 1.0 63442.838 6.278 14
Montage 25 1.0 705.657 0.802 44
Montage 25 1.0 705.503 0.798 43
Montage 25 1.0 705.825 0.797 43
Montage 25 1.0 705.503 0.798 43
Montage 25 1.0 705.825 0.799 43
Montage 25 1.0 705.657 0.800 44
Montage 25 1.0 705.717 0.801 44
Montage 25 1.0 705.657 0.796 44
Montage 25 1.0 705.503 0.800 43
Montage 25 1.0 705.655 0.795 43
Montage 50 1.0 1556.030 1.835 21
Montage 50 1.0 1556.435 1.815 20
Montage 50 1.0 1556.303 1.809 20
Montage 50 1.0 1556.390 1.810 20
Montage 50 1.0 1556.369 1.837 23
Montage 50 1.0 1556.141 1.827 21
Montage 50 1.0 1556.316 1.832 21
Montage 50 1.0 1556.545 1.824 21
Montage 50 1.0 1556.219 1.809 20
Montage 50 1.0 1556.280 1.839 21
Montage 100 1.0 3294.589 5.398 13
Montage 100 1.0 3295.143 5.410 13
Montage 100 1.0 3295.035 5.375 13
Montage 100 1.0 3295.873 5.399 13
Montage 100 1.0 3295.284 5.393 13
Montage 100 1.0 3294.870 5.405 13
Montage 100 1.0 3295.156 5.413 13
Montage 100 1.0 3295.655 5.377 13
Montage 100 1.0 3295.679 5.396 13
Montage 100 1.0 3295.129 5.384 13
Sipht 29 1.0 18152.432 1.448 63
Sipht 29 1.0 18152.432 1.447 63
Sipht 29 1.0 18152.432 1.446 63
Sipht 29 1.0 18152.432 1.447 63
Sipht 29 1.0 18152.432 1.448 63
Sipht 29 1.0 18152.432 1.445 63
Sipht 29 1.0 18152.432 1.439 62
Sipht 29 1.0 18152.432 1.445 63
Sipht 29 1.0 18152.432 1.447 63
Sipht 29 1.0 18152.432 1.448 63
Sipht 58 1.0 35269.465 4.967 46
Sipht 58 1.0 35271.335 4.980 47
Sipht 58 1.0 35271.335 4.941 47
Sipht 58 1.0 35269.502 4.956 47
Sipht 58 1.0 35271.311 4.957 47
Sipht 58 1.0 35269.439 4.988 47
Sipht 58 1.0 35271.311 4.961 47
Sipht 58 1.0 35271.311 4.945 47
Sipht 58 1.0 35270.054 4.953 46
Sipht 58 1.0 35264.078 4.970 47
Sipht 97 1.0 52439.456 15.220 41
Sipht 97 1.0 52439.450 15.255 43
Sipht 97 1.0 52440.003 15.280 41
Sipht 97 1.0 52439.215 15.271 41
Sipht 97 1.0 52439.227 15.273 42
Sipht 97 1.0 52440.025 15.257 41
Sipht 97 1.0 52439.232 15.295 41
Sipht 97 1.0 52440.140 15.284 41
Sipht 97 1.0 52439.455 15.295 41
Sipht 97 1.0 52439.198 15.183 41
