CyberShake 30 1.0 4442.211 1.398 53
CyberShake 30 1.0 4441.103 1.390 54
CyberShake 30 1.0 4442.880 1.399 54
CyberShake 30 1.0 4441.227 1.400 54
CyberShake 30 1.0 4441.098 1.394 54
CyberShake 30 1.0 4453.136 1.392 53
CyberShake 30 1.0 4442.219 1.392 53
CyberShake 30 1.0 4441.243 1.395 53
CyberShake 30 1.0 4441.105 1.396 53
CyberShake 30 1.0 4441.096 1.400 55
CyberShake 50 1.0 5961.734 2.339 30
CyberShake 50 1.0 5973.688 2.362 29
CyberShake 50 1.0 5961.861 2.354 29
CyberShake 50 1.0 5961.761 2.354 29
CyberShake 50 1.0 5961.776 2.354 30
CyberShake 50 1.0 5961.783 2.365 30
CyberShake 50 1.0 5962.073 2.339 28
CyberShake 50 1.0 5962.859 2.349 29
CyberShake 50 1.0 5961.765 2.334 30
CyberShake 50 1.0 5961.973 2.369 29
CyberShake 100 1.0 8746.225 8.010 19
CyberShake 100 1.0 8805.322 7.960 18
CyberShake 100 1.0 8779.829 8.051 19
CyberShake 100 1.0 8772.368 7.962 18
CyberShake 100 1.0 8790.363 8.061 19
CyberShake 100 1.0 8800.918 8.062 20
CyberShake 100 1.0 8773.999 8.058 21
CyberShake 100 1.0 8809.284 8.102 21
CyberShake 100 1.0 8753.854 8.039 21
CyberShake 100 1.0 8757.694 8.111 19
Epigenomics 24 1.0 54818.331 0.823 50
Epigenomics 24 1.0 54806.713 0.819 51
Epigenomics 24 1.0 54814.770 0.819 50
Epigenomics 24 1.0 54800.007 0.818 51
Epigenomics 24 1.0 54832.473 0.818 50
Epigenomics 24 1.0 54823.781 0.821 50
Epigenomics 24 1.0 54815.164 0.818 51
Epigenomics 24 1.0 54806.596 0.823 52
Epigenomics 24 1.0 54815.225 0.827 51
Epigenomics 24 1.0 54811.583 0.826 51
Epigenomics 47 1.0 126077.625 2.612 38
Epigenomics 47 1.0 126076.291 2.624 37
Epigenomics 47 1.0 126079.944 2.616 38
Epigenomics 47 1.0 126079.519 2.623 38
Epigenomics 47 1.0 126080.318 2.616 39
Epigenomics 47 1.0 126079.196 2.599 36
Epigenomics 47 1.0 126092.457 2.608 36
Epigenomics 47 1.0 126082.729 2.600 37
Epigenomics 47 1.0 126078.167 2.625 38
Epigenomics 47 1.0 126080.118 2.621 38
Epigenomics 100 1.0 1222513.020 8.154 19
Epigenomics 100 1.0 1222513.790 8.256 19
Epigenomics 100 1.0 1222515.714 8.188 19
Epigenomics 100 1.0 1222511.780 8.152 19
Epigenomics 100 1.0 1222519.563 8.158 18
Epigenomics 100 1.0 1222518.371 8.233 19
Epigenomics 100 1.0 1222513.271 8.193 19
Epigenomics 100 1.0 1222513.986 8.145 18
Epigenomics 100 1.0 1222518.642 8.154 18
Epigenomics 100 1.0 1222519.676 8.132 18
Ligo 30 1.0 19973.758 1.079 41
Ligo 30 1.0 19973.152 1.076 39
Ligo 30 1.0 19972.927 1.076 40
Ligo 30 1.0 19981.239 1.078 39
Ligo 30 1.0 19973.004 1.070 40
Ligo 30 1.0 19973.218 1.070 39
Ligo 30 1.0 19973.512 1.071 39
Ligo 30 1.0 19973.709 1.079 39
Ligo 30 1.0 19973.427 1.071 40
Ligo 30 1.0 19972.965 1.070 39
Ligo 50 1.0 35499.021 1.937 22
Ligo 50 1.0 35497.291 1.966 23
Ligo 50 1.0 35499.587 1.957 23
Ligo 50 1.0 35499.180 1.950 22
Ligo 50 1.0 35499.750 1.952 23
Ligo 50 1.0 35500.558 1.971 24
Ligo 50 1.0 35499.901 1.960 23
Ligo 50 1.0 35498.019 1.956 23
Ligo 50 1.0 35498.121 1.940 22
Ligo 50 1.0 35503.318 1.961 23
Ligo 100 1.0 63443.075 6.279 14
Ligo 100 1.0 63445.656 6.298 14
Ligo 100 1.0 63443.039 6.288 14
Ligo 100 1.0 63444.633 6.242 14
Ligo 100 1.0 63443.050 6.261 14
Ligo 100 1.0 63449.501 6.210 13
Ligo 100 1.0 63446.044 6.169 13
Ligo 100 1.0 63447.027 6.219 14
Ligo 100 1.0 63445.861 6.194 13
Ligo 100 1.0 63444.223 6.270 14
Montage 25 1.0 705.717 0.796 42
Montage 25 1.0 705.717 0.797 42
Montage 25 1.0 705.749 0.797 44
Montage 25 1.0 705.657 0.798 44
Montage 25 1.0 705.503 0.794 42
Montage 25 1.0 705.657 0.803 44
Montage 25 1.0 705.503 0.797 43
Montage 25 1.0 705.503 0.795 42
Montage 25 1.0 705.657 0.797 43
Montage 25 1.0 705.503 0.794 42
Montage 50 1.0 1556.293 1.837 21
Montage 50 1.0 1556.196 1.827 21
Montage 50 1.0 1556.014 1.838 21
Montage 50 1.0 1556.271 1.813 20
Montage 50 1.0 1556.332 1.839 21
Montage 50 1.0 1556.125 1.839 21
Montage 50 1.0 1556.356 1.840 21
Montage 50 1.0 1555.958 1.837 21
Montage 50 1.0 1556.678 1.826 21
Montage 50 1.0 1556.359 1.835 21
Montage 100 1.0 3295.203 5.377 13
Montage 100 1.0 3296.195 5.373 13
Montage 100 1.0 3295.884 5.371 13
Montage 100 1.0 3295.462 5.384 13
Montage 100 1.0 3295.984 5.274 12
Montage 100 1.0 3295.621 5.288 12
Montage 100 1.0 3294.821 5.281 12
Montage 100 1.0 3294.888 5.266 12
Montage 100 1.0 3296.006 5.271 12
Montage 100 1.0 3294.431 5.388 13
Sipht 29 1.0 18152.432 1.451 63
Sipht 29 1.0 18152.432 1.438 62
Sipht 29 1.0 18152.432 1.439 62
Sipht 29 1.0 18152.432 1.452 63
Sipht 29 1.0 18152.432 1.449 63
Sipht 29 1.0 18152.432 1.449 63
Sipht 29 1.0 18152.432 1.445 63
Sipht 29 1.0 18152.432 1.447 63
Sipht 29 1.0 18152.432 1.448 63
Sipht 29 1.0 18152.432 1.448 63
Sipht 58 1.0 35271.311 4.964 47
Sipht 58 1.0 35271.335 4.988 47
Sipht 58 1.0 35270.054 4.944 47
Sipht 58 1.0 35271.335 4.975 47
Sipht 58 1.0 35271.335 4.985 48
Sipht 58 1.0 35269.866 4.976 47
Sipht 58 1.0 35271.335 4.979 47
Sipht 58 1.0 35271.311 4.953 47
Sipht 58 1.0 35271.311 4.951 46
Sipht 58 1.0 35271.634 4.976 48
Sipht 97 1.0 52439.437 15.289 41
Sipht 97 1.0 52439.471 15.266 43
Sipht 97 1.0 52440.027 15.330 42
Sipht 97 1.0 52440.218 15.192 41
Sipht 97 1.0 52439.213 15.273 43
Sipht 97 1.0 52439.407 15.290 41
Sipht 97 1.0 52439.875 15.211 41
Sipht 97 1.0 52439.207 15.321 42
Sipht 97 1.0 52439.195 15.232 41
Sipht 97 1.0 52439.216 15.270 42
