CyberShake 30 1.0 4441.099 1.390 54
CyberShake 30 1.0 4442.897 1.395 53
CyberShake 30 1.0 4441.108 1.392 54
CyberShake 30 1.0 4441.097 1.391 54
CyberShake 30 1.0 4441.098 1.399 54
CyberShake 30 1.0 4442.896 1.393 54
CyberShake 30 1.0 4442.208 1.401 55
CyberShake 30 1.0 4442.214 1.401 54
CyberShake 30 1.0 4441.105 1.391 54
CyberShake 30 1.0 4442.888 1.400 54
CyberShake 50 1.0 5961.733 2.361 31
CyberShake 50 1.0 5976.412 2.363 31
CyberShake 50 1.0 5961.732 2.365 28
CyberShake 50 1.0 5961.776 2.368 29
CyberShake 50 1.0 5961.781 2.351 29
CyberShake 50 1.0 5971.344 2.360 31
CyberShake 50 1.0 5966.700 2.360 30
CyberShake 50 1.0 5961.754 2.375 30
CyberShake 50 1.0 5967.642 2.370 31
CyberShake 50 1.0 5962.827 2.362 31
CyberShake 100 1.0 8773.328 8.108 19
CyberShake 100 1.0 8764.468 7.978 19
CyberShake 100 1.0 8778.183 8.030 19
CyberShake 100 1.0 8757.811 8.010 19
CyberShake 100 1.0 8771.161 8.125 20
CyberShake 100 1.0 8789.179 7.972 19
CyberShake 100 1.0 8758.970 8.052 19
CyberShake 100 1.0 8769.825 8.074 19
CyberShake 100 1.0 8787.583 7.991 19
CyberShake 100 1.0 8779.078 8.084 19
Epigenomics 24 1.0 54811.336 0.824 52
Epigenomics 24 1.0 54808.401 0.826 54
Epigenomics 24 1.0 54805.518 0.825 52
Epigenomics 24 1.0 54813.609 0.820 51
Epigenomics 24 1.0 54821.014 0.819 52
Epigenomics 24 1.0 54813.808 0.820 52
Epigenomics 24 1.0 54805.045 0.823 53
Epigenomics 24 1.0 54806.804 0.818 51
Epigenomics 24 1.0 54832.744 0.824 53
Epigenomics 24 1.0 54823.052 0.823 52
Epigenomics 47 1.0 126083.681 2.603 37
Epigenomics 47 1.0 126080.342 2.614 37
Epigenomics 47 1.0 126082.663 2.603 39
Epigenomics 47 1.0 126081.211 2.631 38
Epigenomics 47 1.0 126076.896 2.603 39
Epigenomics 47 1.0 126083.494 2.611 37
Epigenomics 47 1.0 126090.096 2.619 38
Epigenomics 47 1.0 126089.008 2.632 39
Epigenomics 47 1.0 126075.216 2.608 38
Epigenomics 47 1.0 126079.909 2.633 39
Epigenomics 100 1.0 1222511.533 8.258 21
Epigenomics 100 1.0 1222509.664 8.215 21
Epigenomics 100 1.0 1222508.911 8.277 21
Epigenomics 100 1.0 1222517.064 8.300 21
Epigenomics 100 1.0 1222515.377 8.142 19
Epigenomics 100 1.0 1222512.445 8.150 20
Epigenomics 100 1.0 1222520.567 8.266 20
Epigenomics 100 1.0 1222512.647 8.195 21
Epigenomics 100 1.0 1222517.298 8.233 20
Epigenomics 100 1.0 1222509.696 8.150 20
Ligo 30 1.0 19981.475 1.074 42
Ligo 30 1.0 19973.123 1.082 43
Ligo 30 1.0 19973.395 1.081 40
Ligo 30 1.0 19973.832 1.081 41
Ligo 30 1.0 19973.274 1.073 41
Ligo 30 1.0 19973.203 1.078 42
Ligo 30 1.0 20000.237 1.076 41
Ligo 30 1.0 19972.967 1.081 41
Ligo 30 1.0 19981.462 1.070 40
Ligo 30 1.0 19981.786 1.079 42
Ligo 50 1.0 35501.321 1.939 22
Ligo 50 1.0 35505.584 1.950 24
Ligo 50 1.0 35500.998 1.964 25
Ligo 50 1.0 35496.233 1.946 22
Ligo 50 1.0 35497.294 1.944 22
Ligo 50 1.0 35499.293 1.942 22
Ligo 50 1.0 35496.434 1.966 23
Ligo 50 1.0 35496.538 1.950 23
Ligo 50 1.0 35495.804 1.957 24
Ligo 50 1.0 35498.555 1.960 25
Ligo 100 1.0 63447.031 6.337 17
Ligo 100 1.0 63446.441 6.347 17
Ligo 100 1.0 63444.074 6.285 17
Ligo 100 1.0 63443.030 6.223 16
Ligo 100 1.0 63442.958 6.188 16
Ligo 100 1.0 63445.972 6.256 16
Ligo 100 1.0 63447.791 6.336 17
Ligo 100 1.0 63444.120 6.216 16
Ligo 100 1.0 63443.584 6.289 16
Ligo 100 1.0 63443.194 6.334 17
Montage 25 1.0 705.717 0.798 43
Montage 25 1.0 705.717 0.803 44
Montage 25 1.0 705.503 0.804 44
Montage 25 1.0 705.728 0.798 45
Montage 25 1.0 705.503 0.795 45
Montage 25 1.0 705.728 0.802 46
Montage 25 1.0 705.655 0.797 44
Montage 25 1.0 705.717 0.797 44
Montage 25 1.0 705.657 0.794 45
Montage 25 1.0 705.657 0.799 45
Montage 50 1.0 1556.357 1.833 23
Montage 50 1.0 1556.198 1.829 23
Montage 50 1.0 1556.065 1.832 23
Montage 50 1.0 1556.218 1.844 23
Montage 50 1.0 1556.094 1.817 23
Montage 50 1.0 1556.293 1.806 22
Montage 50 1.0 1556.023 1.817 23
Montage 50 1.0 1556.221 1.823 23
Montage 50 1.0 1556.699 1.812 22
Montage 50 1.0 1556.669 1.831 23
Montage 100 1.0 3294.316 5.302 12
Montage 100 1.0 3293.904 5.278 12
Montage 100 1.0 3294.417 5.279 12
Montage 100 1.0 3295.673 5.281 12
Montage 100 1.0 3294.527 5.296 12
Montage 100 1.0 3294.672 5.282 12
Montage 100 1.0 3294.261 5.274 12
Montage 100 1.0 3295.310 5.288 12
Montage 100 1.0 3295.501 5.312 12
Montage 100 1.0 3294.405 5.276 12
Sipht 29 1.0 18152.432 1.443 65
Sipht 29 1.0 18152.432 1.451 66
Sipht 29 1.0 18152.432 1.445 64
Sipht 29 1.0 18152.432 1.441 64
Sipht 29 1.0 18152.432 1.441 65
Sipht 29 1.0 18152.432 1.451 66
Sipht 29 1.0 18152.432 1.441 64
Sipht 29 1.0 18152.432 1.445 64
Sipht 29 1.0 18152.432 1.439 65
Sipht 29 1.0 18152.432 1.447 63
Sipht 58 1.0 35270.376 4.997 47
Sipht 58 1.0 35269.890 4.950 46
Sipht 58 1.0 35269.377 4.989 47
Sipht 58 1.0 35269.699 4.978 47
Sipht 58 1.0 35271.634 4.978 47
Sipht 58 1.0 35270.376 4.968 47
Sipht 58 1.0 35271.335 4.969 47
Sipht 58 1.0 35270.033 4.975 47
Sipht 58 1.0 35270.357 4.954 47
Sipht 58 1.0 35270.357 4.948 47
Sipht 97 1.0 52440.037 15.340 43
Sipht 97 1.0 52439.419 15.178 42
Sipht 97 1.0 52439.436 15.195 43
Sipht 97 1.0 52440.204 15.307 43
Sipht 97 1.0 52440.815 15.333 43
Sipht 97 1.0 52439.205 15.242 43
Sipht 97 1.0 52439.460 15.223 42
Sipht 97 1.0 52440.615 15.233 43
Sipht 97 1.0 52440.171 15.281 43
Sipht 97 1.0 52439.464 15.283 42
