CyberShake 30 1.0 4441.097 1.398 54
CyberShake 30 1.0 4441.099 1.393 55
CyberShake 30 1.0 4442.211 1.390 54
CyberShake 30 1.0 4441.099 1.389 53
CyberShake 30 1.0 4442.900 1.397 53
CyberShake 30 1.0 4441.521 1.392 53
CyberShake 30 1.0 4442.221 1.392 52
CyberShake 30 1.0 4442.208 1.398 54
CyberShake 30 1.0 4442.212 1.396 53
CyberShake 30 1.0 4446.958 1.390 54
CyberShake 50 1.0 5971.638 2.340 29
CyberShake 50 1.0 5971.530 2.339 30
CyberShake 50 1.0 5967.694 2.374 31
CyberShake 50 1.0 5961.734 2.341 29
CyberShake 50 1.0 5961.744 2.346 29
CyberShake 50 1.0 5962.799 2.358 29
CyberShake 50 1.0 5965.568 2.369 31
CyberShake 50 1.0 5961.776 2.351 29
CyberShake 50 1.0 5966.679 2.366 29
CyberShake 50 1.0 5973.258 2.373 30
CyberShake 100 1.0 8774.370 8.092 19
CyberShake 100 1.0 8773.948 8.070 19
CyberShake 100 1.0 8784.941 8.144 20
CyberShake 100 1.0 8780.931 8.004 19
CyberShake 100 1.0 8759.296 8.047 19
CyberShake 100 1.0 8765.684 8.056 19
CyberShake 100 1.0 8763.637 7.992 19
CyberShake 100 1.0 8796.999 7.986 19
CyberShake 100 1.0 8764.396 7.981 19
CyberShake 100 1.0 8785.467 8.094 19
Epigenomics 24 1.0 54833.215 0.822 52
Epigenomics 24 1.0 54816.885 0.823 52
Epigenomics 24 1.0 54808.124 0.822 53
Epigenomics 24 1.0 54815.859 0.826 53
Epigenomics 24 1.0 54832.856 0.819 52
Epigenomics 24 1.0 54824.012 0.820 51
Epigenomics 24 1.0 54824.590 0.822 52
Epigenomics 24 1.0 54801.520 0.821 52
Epigenomics 24 1.0 54794.124 0.823 53
Epigenomics 24 1.0 54807.867 0.820 52
Epigenomics 47 1.0 126084.589 2.624 39
Epigenomics 47 1.0 126081.621 2.603 38
Epigenomics 47 1.0 126077.862 2.625 39
Epigenomics 47 1.0 126084.470 2.614 39
Epigenomics 47 1.0 126082.700 2.621 39
Epigenomics 47 1.0 126075.874 2.632 38
Epigenomics 47 1.0 126079.870 2.636 38
Epigenomics 47 1.0 126084.512 2.622 37
Epigenomics 47 1.0 126081.893 2.614 37
Epigenomics 47 1.0 126096.709 2.600 38
Epigenomics 100 1.0 1222511.039 8.168 20
Epigenomics 100 1.0 1222516.672 8.286 21
Epigenomics 100 1.0 1222514.695 8.196 20
Epigenomics 100 1.0 1222512.819 8.184 21
Epigenomics 100 1.0 1222513.116 8.164 21
Epigenomics 100 1.0 1222512.435 8.170 20
Epigenomics 100 1.0 1222513.372 8.265 20
Epigenomics 100 1.0 1222516.725 8.234 20
Epigenomics 100 1.0 1222534.854 8.173 20
Epigenomics 100 1.0 1222518.170 8.170 19
Ligo 30 1.0 19973.114 1.073 42
Ligo 30 1.0 19973.664 1.076 42
Ligo 30 1.0 19973.557 1.075 41
Ligo 30 1.0 19973.288 1.079 42
Ligo 30 1.0 19972.926 1.071 41
Ligo 30 1.0 19974.634 1.080 42
Ligo 30 1.0 19972.929 1.070 38
Ligo 30 1.0 19973.395 1.082 42
Ligo 30 1.0 19973.390 1.073 40
Ligo 30 1.0 19982.439 1.077 41
Ligo 50 1.0 35503.063 1.977 25
Ligo 50 1.0 35497.273 1.957 22
Ligo 50 1.0 35498.577 1.936 22
Ligo 50 1.0 35498.016 1.976 23
Ligo 50 1.0 35498.055 1.936 22
Ligo 50 1.0 35495.846 1.942 23
Ligo 50 1.0 35499.894 1.968 25
Ligo 50 1.0 35501.564 1.939 24
Ligo 50 1.0 35499.147 1.970 25
Ligo 50 1.0 35497.242 1.962 22
Ligo 100 1.0 63445.150 6.324 17
Ligo 100 1.0 63444.370 6.177 16
Ligo 100 1.0 63443.208 6.190 16
Ligo 100 1.0 63446.003 6.328 17
Ligo 100 1.0 63442.916 6.296 17
Ligo 100 1.0 63446.607 6.343 17
Ligo 100 1.0 63443.329 6.336 17
Ligo 100 1.0 63445.062 6.342 17
Ligo 100 1.0 63442.773 6.182 16
Ligo 100 1.0 63443.033 6.325 17
Montage 25 1.0 705.655 0.794 44
Montage 25 1.0 705.503 0.801 44
Montage 25 1.0 705.717 0.798 44
Montage 25 1.0 705.655 0.801 44
Montage 25 1.0 705.717 0.797 44
Montage 25 1.0 705.749 0.795 45
Montage 25 1.0 705.503 0.800 45
Montage 25 1.0 705.655 0.800 45
Montage 25 1.0 705.717 0.797 44
Montage 25 1.0 705.728 0.795 45
Montage 50 1.0 1556.355 1.827 23
Montage 50 1.0 1556.356 1.830 23
Montage 50 1.0 1555.940 1.831 23
Montage 50 1.0 1556.142 1.820 23
Montage 50 1.0 1556.218 1.836 23
Montage 50 1.0 1556.248 1.811 22
Montage 50 1.0 1556.098 1.810 23
Montage 50 1.0 1556.133 1.837 23
Montage 50 1.0 1556.306 1.830 23
Montage 50 1.0 1555.858 1.821 23
Montage 100 1.0 3295.238 5.430 13
Montage 100 1.0 3295.318 5.260 12
Montage 100 1.0 3295.510 5.333 12
Montage 100 1.0 3294.591 5.326 12
Montage 100 1.0 3295.223 5.306 12
Montage 100 1.0 3294.562 5.450 13
Montage 100 1.0 3294.218 5.312 12
Montage 100 1.0 3293.632 5.316 12
Montage 100 1.0 3294.232 5.324 12
Montage 100 1.0 3295.327 5.337 12
Sipht 29 1.0 18152.432 1.443 65
Sipht 29 1.0 18152.432 1.440 65
Sipht 29 1.0 18152.432 1.441 65
Sipht 29 1.0 18152.432 1.455 66
Sipht 29 1.0 18152.432 1.441 65
Sipht 29 1.0 18152.432 1.446 64
Sipht 29 1.0 18152.432 1.443 64
Sipht 29 1.0 18152.432 1.443 65
Sipht 29 1.0 18152.432 1.448 64
Sipht 29 1.0 18152.432 1.441 64
Sipht 58 1.0 35269.632 4.977 47
Sipht 58 1.0 35270.357 4.970 47
Sipht 58 1.0 35271.335 4.986 47
Sipht 58 1.0 35271.335 4.989 47
Sipht 58 1.0 35271.311 4.956 47
Sipht 58 1.0 35270.357 4.940 47
Sipht 58 1.0 35271.311 4.943 46
Sipht 58 1.0 35270.357 4.955 47
Sipht 58 1.0 35271.311 4.992 47
Sipht 58 1.0 35269.821 4.960 47
Sipht 97 1.0 52440.000 15.330 43
Sipht 97 1.0 52439.435 15.239 42
Sipht 97 1.0 52440.042 15.262 43
Sipht 97 1.0 52440.087 15.220 43
Sipht 97 1.0 52439.461 15.250 43
Sipht 97 1.0 52440.110 15.194 43
Sipht 97 1.0 52439.437 15.360 43
Sipht 97 1.0 52439.426 15.363 43
Sipht 97 1.0 52439.292 15.293 43
Sipht 97 1.0 52441.820 15.344 43
