CyberShake 30 1.0 4442.219 1.400 54
CyberShake 30 1.0 4442.888 1.394 53
CyberShake 30 1.0 4441.098 1.399 54
CyberShake 30 1.0 4442.219 1.392 54
CyberShake 30 1.0 4442.897 1.391 53
CyberShake 30 1.0 4442.896 1.392 54
CyberShake 30 1.0 4442.219 1.394 54
CyberShake 30 1.0 4442.886 1.394 53
CyberShake 30 1.0 4446.989 1.389 54
CyberShake 30 1.0 4447.010 1.391 53
CyberShake 50 1.0 5962.837 2.369 30
CyberShake 50 1.0 5961.735 2.369 29
CyberShake 50 1.0 5961.818 2.335 29
CyberShake 50 1.0 5961.744 2.366 29
CyberShake 50 1.0 5961.734 2.347 29
CyberShake 50 1.0 5961.787 2.353 29
CyberShake 50 1.0 5961.733 2.364 29
CyberShake 50 1.0 5961.792 2.340 29
CyberShake 50 1.0 5962.807 2.342 30
CyberShake 50 1.0 5978.087 2.354 30
CyberShake 100 1.0 8767.796 8.034 21
CyberShake 100 1.0 8772.191 7.981 18
CyberShake 100 1.0 8758.957 8.102 21
CyberShake 100 1.0 8779.746 8.075 19
CyberShake 100 1.0 8778.297 8.107 19
CyberShake 100 1.0 8781.648 8.112 19
CyberShake 100 1.0 8795.231 7.986 18
CyberShake 100 1.0 8807.125 7.963 18
CyberShake 100 1.0 8774.436 7.992 18
CyberShake 100 1.0 8763.732 7.981 18
Epigenomics 24 1.0 54824.619 0.825 51
Epigenomics 24 1.0 54819.004 0.825 50
Epigenomics 24 1.0 54807.221 0.821 49
Epigenomics 24 1.0 54797.550 0.824 52
Epigenomics 24 1.0 54807.251 0.823 52
Epigenomics 24 1.0 54799.181 0.823 52
Epigenomics 24 1.0 54831.305 0.823 50
Epigenomics 24 1.0 54802.194 0.821 51
Epigenomics 24 1.0 54801.474 0.824 52
Epigenomics 24 1.0 54832.894 0.825 50
Epigenomics 47 1.0 126080.409 2.607 37
Epigenomics 47 1.0 126077.106 2.629 39
Epigenomics 47 1.0 126076.073 2.601 36
Epigenomics 47 1.0 126077.193 2.622 36
Epigenomics 47 1.0 126077.939 2.625 37
Epigenomics 47 1.0 126077.767 2.626 39
Epigenomics 47 1.0 126081.176 2.630 39
Epigenomics 47 1.0 126079.645 2.625 37
Epigenomics 47 1.0 126078.195 2.626 37
Epigenomics 47 1.0 126077.969 2.616 38
Epigenomics 100 1.0 1222511.962 8.229 18
Epigenomics 100 1.0 1222514.751 8.127 19
Epigenomics 100 1.0 1222517.756 8.189 20
Epigenomics 100 1.0 1222517.232 8.130 19
Epigenomics 100 1.0 1222526.093 8.218 19
Epigenomics 100 1.0 1222514.270 8.216 19
Epigenomics 100 1.0 1222516.484 8.145 19
Epigenomics 100 1.0 1222514.187 8.236 19
Epigenomics 100 1.0 1222513.401 8.129 19
Epigenomics 100 1.0 1222513.176 8.229 20
Ligo 30 1.0 19972.975 1.075 40
Ligo 30 1.0 19975.224 1.077 40
Ligo 30 1.0 19972.965 1.069 39
Ligo 30 1.0 19973.004 1.069 39
Ligo 30 1.0 19973.351 1.077 40
Ligo 30 1.0 19973.398 1.073 39
Ligo 30 1.0 19972.967 1.075 40
Ligo 30 1.0 19974.961 1.080 39
Ligo 30 1.0 19983.111 1.080 41
Ligo 30 1.0 19973.625 1.069 40
Ligo 50 1.0 35497.975 1.958 25
Ligo 50 1.0 35498.781 1.949 23
Ligo 50 1.0 35496.475 1.967 22
Ligo 50 1.0 35498.269 1.958 23
Ligo 50 1.0 35497.042 1.941 23
Ligo 50 1.0 35497.925 1.956 23
Ligo 50 1.0 35496.646 1.951 23
Ligo 50 1.0 35496.127 1.938 22
Ligo 50 1.0 35501.706 1.948 23
Ligo 50 1.0 35500.720 1.950 22
Ligo 100 1.0 63443.403 6.223 13
Ligo 100 1.0 63446.686 6.310 14
Ligo 100 1.0 63444.814 6.247 14
Ligo 100 1.0 63445.221 6.217 13
Ligo 100 1.0 63445.020 6.167 13
Ligo 100 1.0 63443.163 6.277 14
Ligo 100 1.0 63442.961 6.293 14
Ligo 100 1.0 63446.723 6.313 14
Ligo 100 1.0 63442.938 6.210 13
Ligo 100 1.0 63444.040 6.279 13
Montage 25 1.0 705.657 0.796 44
Montage 25 1.0 705.728 0.795 44
Montage 25 1.0 705.717 0.802 44
Montage 25 1.0 705.503 0.803 43
Montage 25 1.0 705.728 0.795 44
Montage 25 1.0 705.728 0.800 43
Montage 25 1.0 705.503 0.799 42
Montage 25 1.0 705.717 0.796 42
Montage 25 1.0 705.749 0.794 43
Montage 25 1.0 705.657 0.800 43
Montage 50 1.0 1556.308 1.805 20
Montage 50 1.0 1556.232 1.821 21
Montage 50 1.0 1556.367 1.806 20
Montage 50 1.0 1556.293 1.828 23
Montage 50 1.0 1556.360 1.835 21
Montage 50 1.0 1556.366 1.807 20
Montage 50 1.0 1556.571 1.836 21
Montage 50 1.0 1555.638 1.824 21
Montage 50 1.0 1556.284 1.841 21
Montage 50 1.0 1556.305 1.807 20
Montage 100 1.0 3295.479 5.269 12
Montage 100 1.0 3295.177 5.271 12
Montage 100 1.0 3294.997 5.277 12
Montage 100 1.0 3295.786 5.392 13
Montage 100 1.0 3296.285 5.387 13
Montage 100 1.0 3295.730 5.392 13
Montage 100 1.0 3294.464 5.384 13
Montage 100 1.0 3296.014 5.391 13
Montage 100 1.0 3295.544 5.389 13
Montage 100 1.0 3295.618 5.381 13
Sipht 29 1.0 18152.432 1.438 62
Sipht 29 1.0 18152.432 1.441 62
Sipht 29 1.0 18152.432 1.446 63
Sipht 29 1.0 18152.432 1.450 63
Sipht 29 1.0 18152.432 1.440 62
Sipht 29 1.0 18152.432 1.449 63
Sipht 29 1.0 18152.432 1.442 63
Sipht 29 1.0 18152.432 1.448 63
Sipht 29 1.0 18152.432 1.448 63
Sipht 29 1.0 18152.432 1.448 63
Sipht 58 1.0 35269.855 4.975 47
Sipht 58 1.0 35270.054 4.954 46
Sipht 58 1.0 35270.054 4.980 47
Sipht 58 1.0 35271.335 4.953 47
Sipht 58 1.0 35271.311 4.967 47
Sipht 58 1.0 35269.465 4.962 47
Sipht 58 1.0 35271.311 4.950 47
Sipht 58 1.0 35271.335 4.976 47
Sipht 58 1.0 35264.078 4.941 45
Sipht 58 1.0 35271.335 4.981 48
Sipht 97 1.0 52439.441 15.244 43
Sipht 97 1.0 52439.802 15.272 43
Sipht 97 1.0 52439.450 15.267 41
Sipht 97 1.0 52440.171 15.266 41
Sipht 97 1.0 52440.064 15.273 41
Sipht 97 1.0 52440.074 15.280 41
Sipht 97 1.0 52439.459 15.248 43
Sipht 97 1.0 52439.155 15.331 43
Sipht 97 1.0 52439.485 15.211 41
Sipht 97 1.0 52439.445 15.249 43
