CyberShake 30 1.0 4441.100 1.393 57
CyberShake 30 1.0 4441.099 1.390 57
CyberShake 30 1.0 4442.523 1.393 57
CyberShake 30 1.0 4441.975 1.399 56
CyberShake 30 1.0 4441.106 1.399 58
CyberShake 30 1.0 4446.479 1.393 57
CyberShake 30 1.0 4441.104 1.395 57
CyberShake 30 1.0 4441.099 1.395 56
CyberShake 30 1.0 4442.186 1.400 58
CyberShake 30 1.0 4441.098 1.393 57
CyberShake 50 1.0 5962.352 2.352 32
CyberShake 50 1.0 5966.895 2.368 31
CyberShake 50 1.0 5962.523 2.341 32
CyberShake 50 1.0 5968.713 2.359 30
CyberShake 50 1.0 5962.858 2.336 30
CyberShake 50 1.0 5963.851 2.335 32
CyberShake 50 1.0 5968.131 2.366 31
CyberShake 50 1.0 5962.906 2.341 32
CyberShake 50 1.0 5963.307 2.350 32
CyberShake 50 1.0 5966.429 2.354 31
CyberShake 100 1.0 8791.872 7.992 20
CyberShake 100 1.0 8768.766 7.956 20
CyberShake 100 1.0 8764.868 7.970 20
CyberShake 100 1.0 8773.810 7.963 20
CyberShake 100 1.0 8816.197 8.008 20
CyberShake 100 1.0 8812.974 7.959 20
CyberShake 100 1.0 8793.643 7.989 20
CyberShake 100 1.0 8793.147 8.000 20
CyberShake 100 1.0 8811.518 7.994 20
CyberShake 100 1.0 8794.863 7.977 20
Epigenomics 24 1.0 54795.513 0.821 53
Epigenomics 24 1.0 54804.477 0.821 53
Epigenomics 24 1.0 54792.616 0.824 54
Epigenomics 24 1.0 54807.491 0.819 54
Epigenomics 24 1.0 54809.758 0.824 54
Epigenomics 24 1.0 54816.453 0.825 54
Epigenomics 24 1.0 54804.286 0.820 53
Epigenomics 24 1.0 54805.477 0.819 53
Epigenomics 24 1.0 54806.485 0.822 52
Epigenomics 24 1.0 54798.779 0.825 54
Epigenomics 47 1.0 126082.217 2.606 39
Epigenomics 47 1.0 126081.435 2.618 41
Epigenomics 47 1.0 126082.976 2.611 40
Epigenomics 47 1.0 126080.118 2.627 40
Epigenomics 47 1.0 126078.605 2.612 40
Epigenomics 47 1.0 126086.362 2.625 40
Epigenomics 47 1.0 126079.004 2.623 41
Epigenomics 47 1.0 126082.044 2.610 39
Epigenomics 47 1.0 126081.917 2.621 41
Epigenomics 47 1.0 126084.600 2.614 41
Epigenomics 100 1.0 1222517.792 8.231 22
Epigenomics 100 1.0 1222513.041 8.160 21
Epigenomics 100 1.0 1222512.061 8.131 21
Epigenomics 100 1.0 1222518.444 8.131 21
Epigenomics 100 1.0 1222517.009 8.276 22
Epigenomics 100 1.0 1222524.195 8.131 21
Epigenomics 100 1.0 1222522.383 8.273 22
Epigenomics 100 1.0 1222527.629 8.216 22
Epigenomics 100 1.0 1222537.811 8.208 21
Epigenomics 100 1.0 1222518.442 8.176 21
Ligo 30 1.0 19976.639 1.075 44
Ligo 30 1.0 19973.400 1.081 43
Ligo 30 1.0 19973.114 1.082 43
Ligo 30 1.0 19973.874 1.076 42
Ligo 30 1.0 19973.114 1.078 43
Ligo 30 1.0 19973.122 1.073 42
Ligo 30 1.0 19973.642 1.073 44
Ligo 30 1.0 19974.672 1.071 43
Ligo 30 1.0 19974.976 1.078 44
Ligo 30 1.0 19989.966 1.072 41
Ligo 50 1.0 35499.278 1.954 25
Ligo 50 1.0 35504.733 1.951 26
Ligo 50 1.0 35509.628 1.954 26
Ligo 50 1.0 35496.895 1.941 25
Ligo 50 1.0 35504.252 1.959 25
Ligo 50 1.0 35506.000 1.961 26
Ligo 50 1.0 35500.619 1.967 26
Ligo 50 1.0 35503.621 1.963 26
Ligo 50 1.0 35497.087 1.974 26
Ligo 50 1.0 35511.146 1.965 26
Ligo 100 1.0 63444.690 6.262 17
Ligo 100 1.0 63445.119 6.290 17
Ligo 100 1.0 63443.397 6.173 16
Ligo 100 1.0 63444.720 6.236 17
Ligo 100 1.0 63449.244 6.251 17
Ligo 100 1.0 63447.500 6.244 16
Ligo 100 1.0 63448.317 6.326 17
Ligo 100 1.0 63447.054 6.199 16
Ligo 100 1.0 63443.131 6.185 16
Ligo 100 1.0 63443.174 6.292 17
Montage 25 1.0 705.503 0.804 47
Montage 25 1.0 705.503 0.794 42
Montage 25 1.0 705.503 0.801 46
Montage 25 1.0 705.728 0.798 47
Montage 25 1.0 705.655 0.801 46
Montage 25 1.0 705.655 0.803 46
Montage 25 1.0 705.728 0.800 47
Montage 25 1.0 705.717 0.800 45
Montage 25 1.0 705.749 0.797 47
Montage 25 1.0 705.503 0.801 46
Montage 50 1.0 1555.788 1.822 24
Montage 50 1.0 1556.526 1.834 24
Montage 50 1.0 1556.790 1.826 24
Montage 50 1.0 1556.001 1.836 24
Montage 50 1.0 1557.038 1.832 24
Montage 50 1.0 1556.719 1.829 24
Montage 50 1.0 1556.763 1.829 23
Montage 50 1.0 1556.432 1.829 24
Montage 50 1.0 1557.062 1.826 24
Montage 50 1.0 1556.676 1.836 24
Montage 100 1.0 3295.454 5.353 12
Montage 100 1.0 3295.783 5.294 12
Montage 100 1.0 3296.150 5.302 12
Montage 100 1.0 3296.285 5.293 12
Montage 100 1.0 3295.604 5.295 12
Montage 100 1.0 3296.285 5.293 12
Montage 100 1.0 3296.285 5.291 12
Montage 100 1.0 3295.929 5.320 12
Montage 100 1.0 3294.198 5.375 12
Montage 100 1.0 3295.459 5.363 12
Sipht 29 1.0 18152.432 1.444 65
Sipht 29 1.0 18152.432 1.442 66
Sipht 29 1.0 18152.432 1.440 66
Sipht 29 1.0 18152.432 1.449 65
Sipht 29 1.0 18152.432 1.444 65
Sipht 29 1.0 18152.432 1.441 66
Sipht 29 1.0 18152.432 1.441 66
Sipht 29 1.0 18152.432 1.447 64
Sipht 29 1.0 18152.432 1.443 65
Sipht 29 1.0 18152.432 1.446 65
Sipht 58 1.0 35267.498 4.968 50
Sipht 58 1.0 35264.100 4.946 49
Sipht 58 1.0 35264.100 4.941 49
Sipht 58 1.0 35264.043 4.988 50
Sipht 58 1.0 35267.116 4.942 50
Sipht 58 1.0 35267.783 4.972 50
Sipht 58 1.0 35269.348 4.979 50
Sipht 58 1.0 35264.043 4.968 49
Sipht 58 1.0 35269.377 4.950 50
Sipht 58 1.0 35271.311 4.965 50
Sipht 97 1.0 52440.124 15.344 43
Sipht 97 1.0 52439.875 15.326 43
Sipht 97 1.0 52439.606 15.304 44
Sipht 97 1.0 52439.828 15.342 44
Sipht 97 1.0 52439.266 15.316 44
Sipht 97 1.0 52439.232 15.269 44
Sipht 97 1.0 52440.089 15.261 44
Sipht 97 1.0 52439.470 15.271 43
Sipht 97 1.0 52439.278 15.333 44
Sipht 97 1.0 52439.468 15.209 42
