CyberShake 30 1.0 4441.105 1.392 54
CyberShake 30 1.0 4442.214 1.402 55
CyberShake 30 1.0 4441.104 1.399 53
CyberShake 30 1.0 4441.100 1.390 53
CyberShake 30 1.0 4441.099 1.396 55
CyberShake 30 1.0 4442.897 1.392 53
CyberShake 30 1.0 4441.097 1.398 54
CyberShake 30 1.0 4442.211 1.394 54
CyberShake 30 1.0 4441.991 1.402 54
CyberShake 30 1.0 4442.889 1.401 54
CyberShake 50 1.0 5970.276 2.360 30
CyberShake 50 1.0 5966.694 2.374 31
CyberShake 50 1.0 5971.567 2.344 30
CyberShake 50 1.0 5961.733 2.337 30
CyberShake 50 1.0 5973.310 2.366 31
CyberShake 50 1.0 5961.797 2.354 30
CyberShake 50 1.0 5967.668 2.335 29
CyberShake 50 1.0 5961.733 2.365 29
CyberShake 50 1.0 5962.953 2.357 30
CyberShake 50 1.0 5961.733 2.334 30
CyberShake 100 1.0 8758.514 8.063 19
CyberShake 100 1.0 8764.731 8.029 19
CyberShake 100 1.0 8788.943 7.975 19
CyberShake 100 1.0 8746.036 7.962 19
CyberShake 100 1.0 8746.798 8.044 19
CyberShake 100 1.0 8746.026 8.086 21
CyberShake 100 1.0 8779.201 8.028 19
CyberShake 100 1.0 8768.364 8.027 19
CyberShake 100 1.0 8766.054 8.053 19
CyberShake 100 1.0 8764.745 8.026 19
Epigenomics 24 1.0 54812.418 0.821 52
Epigenomics 24 1.0 54824.300 0.819 52
Epigenomics 24 1.0 54833.994 0.821 49
Epigenomics 24 1.0 54809.200 0.819 52
Epigenomics 24 1.0 54821.508 0.827 52
Epigenomics 24 1.0 54796.214 0.821 53
Epigenomics 24 1.0 54833.775 0.820 52
Epigenomics 24 1.0 54803.431 0.824 53
Epigenomics 24 1.0 54803.165 0.818 51
Epigenomics 24 1.0 54803.142 0.824 53
Epigenomics 47 1.0 126079.510 2.617 37
Epigenomics 47 1.0 126080.535 2.604 39
Epigenomics 47 1.0 126081.375 2.632 38
Epigenomics 47 1.0 126081.633 2.626 39
Epigenomics 47 1.0 126083.471 2.618 38
Epigenomics 47 1.0 126078.679 2.619 38
Epigenomics 47 1.0 126083.250 2.600 37
Epigenomics 47 1.0 126076.006 2.634 38
Epigenomics 47 1.0 126083.456 2.617 38
Epigenomics 47 1.0 126082.512 2.609 38
Epigenomics 100 1.0 1222518.012 8.215 20
Epigenomics 100 1.0 1222512.642 8.160 20
Epigenomics 100 1.0 1222515.587 8.263 20
Epigenomics 100 1.0 1222512.437 8.286 20
Epigenomics 100 1.0 1222514.348 8.168 20
Epigenomics 100 1.0 1222515.999 8.139 20
Epigenomics 100 1.0 1222513.530 8.213 21
Epigenomics 100 1.0 1222516.461 8.282 20
Epigenomics 100 1.0 1222513.788 8.299 21
Epigenomics 100 1.0 1222517.626 8.166 20
Ligo 30 1.0 19973.390 1.082 41
Ligo 30 1.0 19973.004 1.081 41
Ligo 30 1.0 19972.935 1.077 40
Ligo 30 1.0 19973.123 1.079 41
Ligo 30 1.0 19973.428 1.084 40
Ligo 30 1.0 19973.798 1.078 42
Ligo 30 1.0 19983.139 1.083 41
Ligo 30 1.0 19981.918 1.077 42
Ligo 30 1.0 19976.259 1.076 40
Ligo 30 1.0 19972.976 1.072 41
Ligo 50 1.0 35497.481 1.971 25
Ligo 50 1.0 35499.980 1.955 23
Ligo 50 1.0 35495.726 1.939 23
Ligo 50 1.0 35500.290 1.948 22
Ligo 50 1.0 35501.248 1.948 23
Ligo 50 1.0 35498.464 1.963 23
Ligo 50 1.0 35497.957 1.955 23
Ligo 50 1.0 35500.801 1.954 23
Ligo 50 1.0 35496.242 1.950 23
Ligo 50 1.0 35498.255 1.948 24
Ligo 100 1.0 63445.716 6.307 17
Ligo 100 1.0 63443.866 6.229 16
Ligo 100 1.0 63443.966 6.181 16
Ligo 100 1.0 63443.044 6.171 16
Ligo 100 1.0 63442.817 6.319 17
Ligo 100 1.0 63443.567 6.331 17
Ligo 100 1.0 63442.932 6.315 17
Ligo 100 1.0 63442.700 6.320 17
Ligo 100 1.0 63443.437 6.192 16
Ligo 100 1.0 63442.948 6.317 17
Montage 25 1.0 705.717 0.799 45
Montage 25 1.0 705.856 0.799 45
Montage 25 1.0 705.657 0.801 45
Montage 25 1.0 705.655 0.801 45
Montage 25 1.0 705.657 0.797 46
Montage 25 1.0 705.503 0.799 44
Montage 25 1.0 705.657 0.803 45
Montage 25 1.0 705.503 0.797 44
Montage 25 1.0 705.717 0.799 46
Montage 25 1.0 705.717 0.798 45
Montage 50 1.0 1556.624 1.816 22
Montage 50 1.0 1556.432 1.828 23
Montage 50 1.0 1556.043 1.836 23
Montage 50 1.0 1556.725 1.808 22
Montage 50 1.0 1556.210 1.836 23
Montage 50 1.0 1556.036 1.834 23
Montage 50 1.0 1556.555 1.832 23
Montage 50 1.0 1556.062 1.837 23
Montage 50 1.0 1556.371 1.830 23
Montage 50 1.0 1556.241 1.851 23
Montage 100 1.0 3293.471 5.261 12
Montage 100 1.0 3293.880 5.293 12
Montage 100 1.0 3293.842 5.268 12
Montage 100 1.0 3294.209 5.285 12
Montage 100 1.0 3294.375 5.296 12
Montage 100 1.0 3294.236 5.296 12
Montage 100 1.0 3295.355 5.304 12
Montage 100 1.0 3293.732 5.290 12
Montage 100 1.0 3295.494 5.438 13
Montage 100 1.0 3294.590 5.287 12
Sipht 29 1.0 18152.432 1.448 64
Sipht 29 1.0 18152.432 1.448 65
Sipht 29 1.0 18152.432 1.444 65
Sipht 29 1.0 18152.432 1.441 65
Sipht 29 1.0 18152.432 1.443 64
Sipht 29 1.0 18152.432 1.449 65
Sipht 29 1.0 18152.432 1.448 65
Sipht 29 1.0 18152.432 1.444 65
Sipht 29 1.0 18152.432 1.446 65
Sipht 29 1.0 18152.432 1.446 65
Sipht 58 1.0 35271.311 4.947 47
Sipht 58 1.0 35271.634 4.986 47
Sipht 58 1.0 35271.311 4.979 47
Sipht 58 1.0 35270.424 4.995 47
Sipht 58 1.0 35271.335 4.987 47
Sipht 58 1.0 35271.634 4.982 47
Sipht 58 1.0 35270.357 4.979 47
Sipht 58 1.0 35271.335 4.979 47
Sipht 58 1.0 35271.335 4.963 47
Sipht 58 1.0 35270.357 4.967 46
Sipht 97 1.0 52440.198 15.368 43
Sipht 97 1.0 52439.417 15.227 43
Sipht 97 1.0 52439.492 15.344 42
Sipht 97 1.0 52439.504 15.182 42
Sipht 97 1.0 52439.463 15.298 43
Sipht 97 1.0 52440.026 15.184 41
Sipht 97 1.0 52439.485 15.211 42
Sipht 97 1.0 52439.409 15.212 43
Sipht 97 1.0 52440.071 15.296 43
Sipht 97 1.0 52439.411 15.265 43
