CyberShake 30 1.0 4441.097 1.392 57
CyberShake 30 1.0 4441.099 1.398 58
CyberShake 30 1.0 4441.098 1.396 58
CyberShake 30 1.0 4442.529 1.394 56
CyberShake 30 1.0 4441.097 1.395 57
CyberShake 30 1.0 4441.109 1.395 57
CyberShake 30 1.0 4441.097 1.393 56
CyberShake 30 1.0 4441.097 1.395 58
CyberShake 30 1.0 4441.099 1.389 57
CyberShake 30 1.0 4441.099 1.399 58
CyberShake 50 1.0 5963.155 2.345 32
CyberShake 50 1.0 5961.840 2.350 32
CyberShake 50 1.0 5961.829 2.336 30
CyberShake 50 1.0 5966.700 2.368 31
CyberShake 50 1.0 5963.088 2.355 32
CyberShake 50 1.0 5972.064 2.355 31
CyberShake 50 1.0 5968.770 2.341 30
CyberShake 50 1.0 5961.976 2.351 31
CyberShake 50 1.0 5962.187 2.346 30
CyberShake 50 1.0 5963.163 2.340 30
CyberShake 100 1.0 8761.030 8.034 20
CyberShake 100 1.0 8817.456 8.050 20
CyberShake 100 1.0 8815.309 8.003 20
CyberShake 100 1.0 8796.416 8.035 20
CyberShake 100 1.0 8809.812 8.053 20
CyberShake 100 1.0 8833.469 8.012 20
CyberShake 100 1.0 8762.751 8.030 20
CyberShake 100 1.0 8790.456 8.019 20
CyberShake 100 1.0 8810.253 8.030 20
CyberShake 100 1.0 8794.356 8.047 20
Epigenomics 24 1.0 54806.672 0.824 53
Epigenomics 24 1.0 54794.939 0.825 54
Epigenomics 24 1.0 54801.226 0.819 53
Epigenomics 24 1.0 54816.575 0.823 54
Epigenomics 24 1.0 54797.938 0.819 53
Epigenomics 24 1.0 54810.351 0.823 53
Epigenomics 24 1.0 54794.124 0.824 54
Epigenomics 24 1.0 54787.972 0.826 55
Epigenomics 24 1.0 54817.535 0.818 53
Epigenomics 24 1.0 54802.851 0.823 53
Epigenomics 47 1.0 126078.982 2.609 40
Epigenomics 47 1.0 126085.448 2.625 40
Epigenomics 47 1.0 126088.011 2.609 39
Epigenomics 47 1.0 126083.811 2.624 40
Epigenomics 47 1.0 126079.292 2.625 40
Epigenomics 47 1.0 126081.603 2.614 40
Epigenomics 47 1.0 126079.211 2.613 41
Epigenomics 47 1.0 126080.792 2.618 40
Epigenomics 47 1.0 126079.722 2.604 40
Epigenomics 47 1.0 126082.563 2.630 40
Epigenomics 100 1.0 1222521.536 8.275 22
Epigenomics 100 1.0 1222525.237 8.164 21
Epigenomics 100 1.0 1222518.879 8.158 21
Epigenomics 100 1.0 1222514.568 8.138 21
Epigenomics 100 1.0 1222521.168 8.144 21
Epigenomics 100 1.0 1222515.823 8.132 21
Epigenomics 100 1.0 1222516.819 8.132 21
Epigenomics 100 1.0 1222515.377 8.138 21
Epigenomics 100 1.0 1222513.279 8.118 21
Epigenomics 100 1.0 1222532.159 8.133 21
Ligo 30 1.0 19972.980 1.075 43
Ligo 30 1.0 19973.748 1.081 44
Ligo 30 1.0 19974.726 1.076 43
Ligo 30 1.0 19972.929 1.077 43
Ligo 30 1.0 19973.637 1.080 44
Ligo 30 1.0 19978.058 1.073 42
Ligo 30 1.0 19981.685 1.076 44
Ligo 30 1.0 19981.866 1.073 42
Ligo 30 1.0 19973.152 1.078 42
Ligo 30 1.0 19973.274 1.071 42
Ligo 50 1.0 35497.307 1.939 25
Ligo 50 1.0 35512.758 1.971 26
Ligo 50 1.0 35501.843 1.964 26
Ligo 50 1.0 35508.024 1.939 25
Ligo 50 1.0 35503.913 1.965 26
Ligo 50 1.0 35500.724 1.936 25
Ligo 50 1.0 35507.025 1.953 25
Ligo 50 1.0 35500.449 1.963 26
Ligo 50 1.0 35498.340 1.969 26
Ligo 50 1.0 35501.994 1.951 25
Ligo 100 1.0 63444.871 6.276 17
Ligo 100 1.0 63448.739 6.198 16
Ligo 100 1.0 63444.279 6.169 16
Ligo 100 1.0 63445.449 6.313 17
Ligo 100 1.0 63444.641 6.258 16
Ligo 100 1.0 63447.281 6.211 16
Ligo 100 1.0 63444.981 6.185 16
Ligo 100 1.0 63446.778 6.230 16
Ligo 100 1.0 63450.465 6.329 17
Ligo 100 1.0 63443.181 6.258 17
Montage 25 1.0 705.503 0.801 46
Montage 25 1.0 705.503 0.798 45
Montage 25 1.0 705.717 0.795 46
Montage 25 1.0 705.503 0.794 46
Montage 25 1.0 705.657 0.795 47
Montage 25 1.0 705.717 0.798 46
Montage 25 1.0 705.717 0.797 45
Montage 25 1.0 705.657 0.800 46
Montage 25 1.0 705.503 0.801 45
Montage 25 1.0 705.503 0.804 44
Montage 50 1.0 1556.266 1.833 24
Montage 50 1.0 1556.891 1.830 24
Montage 50 1.0 1556.915 1.807 23
Montage 50 1.0 1556.346 1.809 23
Montage 50 1.0 1556.550 1.835 24
Montage 50 1.0 1556.564 1.830 24
Montage 50 1.0 1556.295 1.822 24
Montage 50 1.0 1556.603 1.816 24
Montage 50 1.0 1555.999 1.830 23
Montage 50 1.0 1555.946 1.822 24
Montage 100 1.0 3295.853 5.318 12
Montage 100 1.0 3295.526 5.308 12
Montage 100 1.0 3294.977 5.301 12
Montage 100 1.0 3296.285 5.305 12
Montage 100 1.0 3295.624 5.323 12
Montage 100 1.0 3296.021 5.267 12
Montage 100 1.0 3295.424 5.280 12
Montage 100 1.0 3295.120 5.268 12
Montage 100 1.0 3295.665 5.325 12
Montage 100 1.0 3296.051 5.357 12
Sipht 29 1.0 18152.432 1.440 66
Sipht 29 1.0 18152.432 1.441 65
Sipht 29 1.0 18152.432 1.447 65
Sipht 29 1.0 18152.432 1.444 65
Sipht 29 1.0 18152.432 1.441 66
Sipht 29 1.0 18152.432 1.443 66
Sipht 29 1.0 18152.432 1.449 65
Sipht 29 1.0 18152.432 1.442 65
Sipht 29 1.0 18152.432 1.444 65
Sipht 29 1.0 18152.432 1.444 66
Sipht 58 1.0 35264.375 4.980 50
Sipht 58 1.0 35267.822 4.952 49
Sipht 58 1.0 35264.078 4.948 49
Sipht 58 1.0 35264.130 4.959 50
Sipht 58 1.0 35265.506 4.974 50
Sipht 58 1.0 35271.335 4.953 49
Sipht 58 1.0 35267.480 4.976 50
Sipht 58 1.0 35269.758 4.974 49
Sipht 58 1.0 35269.397 4.958 49
Sipht 58 1.0 35270.370 4.983 50
Sipht 97 1.0 52439.356 15.205 43
Sipht 97 1.0 52439.243 15.293 44
Sipht 97 1.0 52439.248 15.317 43
Sipht 97 1.0 52439.294 15.236 43
Sipht 97 1.0 52439.215 15.350 45
Sipht 97 1.0 52439.421 15.216 43
Sipht 97 1.0 52440.257 15.218 43
Sipht 97 1.0 52439.918 15.191 44
Sipht 97 1.0 52439.507 15.330 44
Sipht 97 1.0 52439.240 15.296 44
