CyberShake 30 1.0 4441.097 1.390 57
CyberShake 30 1.0 4441.097 1.401 58
CyberShake 30 1.0 4441.107 1.391 56
CyberShake 30 1.0 4441.096 1.398 53
CyberShake 30 1.0 4442.888 1.393 57
CyberShake 30 1.0 4441.098 1.394 58
CyberShake 30 1.0 4442.530 1.396 57
CyberShake 30 1.0 4442.221 1.396 57
CyberShake 30 1.0 4441.098 1.399 57
CyberShake 30 1.0 4441.097 1.401 57
CyberShake 50 1.0 5973.363 2.360 31
CyberShake 50 1.0 5961.944 2.346 32
CyberShake 50 1.0 5962.998 2.364 31
CyberShake 50 1.0 5962.433 2.363 31
CyberShake 50 1.0 5971.831 2.353 32
CyberShake 50 1.0 5963.753 2.364 32
CyberShake 50 1.0 5962.879 2.350 32
CyberShake 50 1.0 5963.419 2.352 31
CyberShake 50 1.0 5966.415 2.366 31
CyberShake 50 1.0 5972.122 2.335 32
CyberShake 100 1.0 8813.947 8.049 20
CyberShake 100 1.0 8786.710 7.990 20
CyberShake 100 1.0 8808.423 8.024 20
CyberShake 100 1.0 8761.386 8.077 20
CyberShake 100 1.0 8779.356 8.096 20
CyberShake 100 1.0 8795.285 8.052 20
CyberShake 100 1.0 8825.033 8.023 20
CyberShake 100 1.0 8797.726 8.014 20
CyberShake 100 1.0 8783.671 8.051 20
CyberShake 100 1.0 8808.185 8.052 20
Epigenomics 24 1.0 54804.927 0.825 54
Epigenomics 24 1.0 54799.181 0.826 53
Epigenomics 24 1.0 54796.442 0.825 54
Epigenomics 24 1.0 54808.295 0.825 54
Epigenomics 24 1.0 54815.850 0.829 53
Epigenomics 24 1.0 54794.627 0.825 54
Epigenomics 24 1.0 54797.417 0.818 53
Epigenomics 24 1.0 54813.347 0.822 53
Epigenomics 24 1.0 54804.924 0.827 55
Epigenomics 24 1.0 54820.342 0.823 53
Epigenomics 47 1.0 126081.023 2.608 39
Epigenomics 47 1.0 126083.515 2.629 41
Epigenomics 47 1.0 126079.662 2.619 40
Epigenomics 47 1.0 126079.291 2.610 39
Epigenomics 47 1.0 126082.286 2.628 41
Epigenomics 47 1.0 126084.857 2.609 40
Epigenomics 47 1.0 126083.145 2.617 40
Epigenomics 47 1.0 126080.638 2.624 40
Epigenomics 47 1.0 126083.576 2.622 40
Epigenomics 47 1.0 126088.796 2.611 41
Epigenomics 100 1.0 1222516.363 8.190 21
Epigenomics 100 1.0 1222513.339 8.112 21
Epigenomics 100 1.0 1222514.229 8.194 21
Epigenomics 100 1.0 1222519.134 8.239 22
Epigenomics 100 1.0 1222518.771 8.118 21
Epigenomics 100 1.0 1222516.328 8.200 22
Epigenomics 100 1.0 1222520.604 8.166 21
Epigenomics 100 1.0 1222513.134 8.146 21
Epigenomics 100 1.0 1222513.303 8.116 21
Epigenomics 100 1.0 1222517.521 8.245 22
Ligo 30 1.0 19974.556 1.076 44
Ligo 30 1.0 19973.797 1.072 41
Ligo 30 1.0 19973.111 1.074 43
Ligo 30 1.0 19973.401 1.080 44
Ligo 30 1.0 19973.128 1.073 43
Ligo 30 1.0 19981.873 1.073 41
Ligo 30 1.0 19981.289 1.075 44
Ligo 30 1.0 19981.163 1.075 42
Ligo 30 1.0 19983.372 1.081 43
Ligo 30 1.0 19973.003 1.080 44
Ligo 50 1.0 35499.172 1.955 25
Ligo 50 1.0 35502.940 1.964 26
Ligo 50 1.0 35506.458 1.956 26
Ligo 50 1.0 35502.083 1.954 26
Ligo 50 1.0 35506.185 1.967 26
Ligo 50 1.0 35502.338 1.962 26
Ligo 50 1.0 35507.416 1.949 26
Ligo 50 1.0 35499.307 1.941 25
Ligo 50 1.0 35497.999 1.954 26
Ligo 50 1.0 35502.616 1.944 25
Ligo 100 1.0 63443.036 6.171 16
Ligo 100 1.0 63447.423 6.310 17
Ligo 100 1.0 63445.212 6.222 16
Ligo 100 1.0 63445.266 6.172 16
Ligo 100 1.0 63443.300 6.189 16
Ligo 100 1.0 63443.602 6.224 16
Ligo 100 1.0 63445.443 6.176 16
Ligo 100 1.0 63452.204 6.167 16
Ligo 100 1.0 63446.188 6.212 16
Ligo 100 1.0 63444.077 6.217 16
Montage 25 1.0 705.503 0.806 47
Montage 25 1.0 705.503 0.795 46
Montage 25 1.0 705.503 0.801 46
Montage 25 1.0 705.503 0.797 46
Montage 25 1.0 705.503 0.795 45
Montage 25 1.0 705.503 0.801 46
Montage 25 1.0 705.657 0.802 47
Montage 25 1.0 705.657 0.796 46
Montage 25 1.0 705.657 0.799 46
Montage 25 1.0 705.503 0.798 45
Montage 50 1.0 1556.183 1.829 24
Montage 50 1.0 1556.397 1.825 24
Montage 50 1.0 1556.887 1.829 24
Montage 50 1.0 1556.704 1.823 24
Montage 50 1.0 1556.746 1.835 24
Montage 50 1.0 1556.778 1.817 24
Montage 50 1.0 1556.113 1.828 24
Montage 50 1.0 1556.329 1.828 24
Montage 50 1.0 1556.773 1.818 24
Montage 50 1.0 1555.883 1.831 24
Montage 100 1.0 3296.043 5.377 12
Montage 100 1.0 3295.887 5.350 12
Montage 100 1.0 3296.285 5.330 12
Montage 100 1.0 3295.353 5.295 12
Montage 100 1.0 3295.080 5.289 12
Montage 100 1.0 3295.669 5.286 12
Montage 100 1.0 3295.350 5.313 12
Montage 100 1.0 3295.267 5.358 12
Montage 100 1.0 3296.285 5.315 12
Montage 100 1.0 3294.728 5.347 12
Sipht 29 1.0 18152.432 1.445 66
Sipht 29 1.0 18152.432 1.441 65
Sipht 29 1.0 18152.432 1.445 65
Sipht 29 1.0 18152.432 1.442 66
Sipht 29 1.0 18152.432 1.445 65
Sipht 29 1.0 18152.432 1.438 66
Sipht 29 1.0 18152.432 1.449 67
Sipht 29 1.0 18152.432 1.440 66
Sipht 29 1.0 18152.432 1.453 67
Sipht 29 1.0 18152.432 1.439 66
Sipht 58 1.0 35263.413 4.958 49
Sipht 58 1.0 35266.253 4.940 50
Sipht 58 1.0 35269.370 4.943 49
Sipht 58 1.0 35266.254 4.954 49
Sipht 58 1.0 35264.105 4.962 50
Sipht 58 1.0 35269.397 4.965 50
Sipht 58 1.0 35269.377 4.962 49
Sipht 58 1.0 35269.465 4.974 50
Sipht 58 1.0 35271.311 4.981 50
Sipht 58 1.0 35267.632 4.954 50
Sipht 97 1.0 52439.425 15.343 44
Sipht 97 1.0 52439.224 15.325 44
Sipht 97 1.0 52439.450 15.292 44
Sipht 97 1.0 52440.094 15.203 43
Sipht 97 1.0 52439.203 15.292 44
Sipht 97 1.0 52439.352 15.268 44
Sipht 97 1.0 52440.664 15.346 43
Sipht 97 1.0 52439.416 15.301 44
Sipht 97 1.0 52439.295 15.294 44
Sipht 97 1.0 52439.280 15.233 44
