CyberShake 30 1.0 4441.225 1.396 56
CyberShake 30 1.0 4442.520 1.391 57
CyberShake 30 1.0 4441.128 1.393 56
CyberShake 30 1.0 4442.024 1.396 57
CyberShake 30 1.0 4441.097 1.390 57
CyberShake 30 1.0 4441.097 1.392 56
CyberShake 30 1.0 4441.103 1.390 56
CyberShake 30 1.0 4441.096 1.400 58
CyberShake 30 1.0 4442.896 1.389 56
CyberShake 30 1.0 4441.939 1.392 56
CyberShake 50 1.0 5961.817 2.335 30
CyberShake 50 1.0 5962.319 2.351 32
CyberShake 50 1.0 5962.827 2.360 33
CyberShake 50 1.0 5982.975 2.350 30
CyberShake 50 1.0 5961.913 2.338 30
CyberShake 50 1.0 5962.296 2.335 30
CyberShake 50 1.0 5967.021 2.338 30
CyberShake 50 1.0 5961.754 2.334 30
CyberShake 50 1.0 5961.764 2.368 31
CyberShake 50 1.0 5968.952 2.359 32
CyberShake 100 1.0 8809.787 8.086 20
CyberShake 100 1.0 8783.951 8.005 20
CyberShake 100 1.0 8770.348 8.086 20
CyberShake 100 1.0 8765.347 8.092 20
CyberShake 100 1.0 8797.952 8.081 20
CyberShake 100 1.0 8762.411 8.070 20
CyberShake 100 1.0 8793.754 8.120 20
CyberShake 100 1.0 8782.835 8.045 20
CyberShake 100 1.0 8797.155 7.966 20
CyberShake 100 1.0 8765.131 7.995 20
Epigenomics 24 1.0 54796.136 0.825 54
Epigenomics 24 1.0 54806.736 0.821 53
Epigenomics 24 1.0 54802.850 0.825 53
Epigenomics 24 1.0 54797.988 0.820 54
Epigenomics 24 1.0 54794.687 0.823 55
Epigenomics 24 1.0 54812.409 0.824 53
Epigenomics 24 1.0 54801.658 0.819 53
Epigenomics 24 1.0 54794.124 0.828 52
Epigenomics 24 1.0 54809.886 0.821 53
Epigenomics 24 1.0 54801.097 0.821 53
Epigenomics 47 1.0 126078.105 2.602 40
Epigenomics 47 1.0 126083.952 2.627 41
Epigenomics 47 1.0 126082.202 2.627 41
Epigenomics 47 1.0 126081.205 2.624 40
Epigenomics 47 1.0 126078.173 2.608 40
Epigenomics 47 1.0 126085.517 2.627 41
Epigenomics 47 1.0 126084.590 2.619 42
Epigenomics 47 1.0 126083.868 2.608 39
Epigenomics 47 1.0 126079.046 2.628 42
Epigenomics 47 1.0 126084.552 2.625 41
Epigenomics 100 1.0 1222515.523 8.166 21
Epigenomics 100 1.0 1222515.434 8.263 22
Epigenomics 100 1.0 1222523.729 8.254 22
Epigenomics 100 1.0 1222515.002 8.132 21
Epigenomics 100 1.0 1222515.222 8.190 21
Epigenomics 100 1.0 1222515.587 8.117 21
Epigenomics 100 1.0 1222515.180 8.141 21
Epigenomics 100 1.0 1222516.271 8.280 22
Epigenomics 100 1.0 1222515.528 8.170 22
Epigenomics 100 1.0 1222522.806 8.176 21
Ligo 30 1.0 19981.153 1.070 40
Ligo 30 1.0 19973.338 1.080 43
Ligo 30 1.0 19973.805 1.075 43
Ligo 30 1.0 19973.395 1.075 42
Ligo 30 1.0 19975.371 1.078 43
Ligo 30 1.0 19973.299 1.070 42
Ligo 30 1.0 19972.927 1.071 43
Ligo 30 1.0 19975.446 1.075 42
Ligo 30 1.0 19973.014 1.081 44
Ligo 30 1.0 19974.171 1.079 43
Ligo 50 1.0 35504.716 1.963 26
Ligo 50 1.0 35509.393 1.969 26
Ligo 50 1.0 35503.104 1.972 26
Ligo 50 1.0 35500.214 1.957 26
Ligo 50 1.0 35503.095 1.951 25
Ligo 50 1.0 35498.933 1.958 26
Ligo 50 1.0 35505.908 1.966 26
Ligo 50 1.0 35508.040 1.960 26
Ligo 50 1.0 35502.709 1.970 26
Ligo 50 1.0 35496.301 1.958 26
Ligo 100 1.0 63452.214 6.288 17
Ligo 100 1.0 63442.879 6.168 16
Ligo 100 1.0 63445.482 6.170 16
Ligo 100 1.0 63449.228 6.181 16
Ligo 100 1.0 63443.281 6.175 16
Ligo 100 1.0 63442.828 6.310 17
Ligo 100 1.0 63447.480 6.307 17
Ligo 100 1.0 63443.533 6.167 16
Ligo 100 1.0 63445.916 6.187 16
Ligo 100 1.0 63444.938 6.169 16
Montage 25 1.0 705.503 0.805 46
Montage 25 1.0 705.657 0.798 47
Montage 25 1.0 705.728 0.795 47
Montage 25 1.0 705.503 0.795 46
Montage 25 1.0 705.728 0.796 45
Montage 25 1.0 705.503 0.803 47
Montage 25 1.0 705.503 0.794 45
Montage 25 1.0 705.503 0.802 47
Montage 25 1.0 705.655 0.803 46
Montage 25 1.0 705.728 0.800 46
Montage 50 1.0 1556.319 1.840 25
Montage 50 1.0 1556.484 1.827 24
Montage 50 1.0 1556.808 1.819 24
Montage 50 1.0 1556.780 1.836 24
Montage 50 1.0 1556.539 1.822 24
Montage 50 1.0 1556.372 1.836 24
Montage 50 1.0 1556.346 1.825 24
Montage 50 1.0 1555.830 1.807 23
Montage 50 1.0 1556.548 1.812 23
Montage 50 1.0 1556.151 1.823 24
Montage 100 1.0 3295.873 5.283 12
Montage 100 1.0 3294.671 5.287 12
Montage 100 1.0 3294.846 5.279 12
Montage 100 1.0 3295.982 5.305 12
Montage 100 1.0 3295.718 5.293 12
Montage 100 1.0 3296.285 5.280 12
Montage 100 1.0 3296.082 5.284 12
Montage 100 1.0 3295.767 5.302 12
Montage 100 1.0 3295.474 5.291 12
Montage 100 1.0 3296.013 5.286 12
Sipht 29 1.0 18152.432 1.450 66
Sipht 29 1.0 18152.432 1.445 65
Sipht 29 1.0 18152.432 1.445 65
Sipht 29 1.0 18152.432 1.441 66
Sipht 29 1.0 18152.432 1.441 66
Sipht 29 1.0 18152.432 1.447 66
Sipht 29 1.0 18152.432 1.443 65
Sipht 29 1.0 18152.432 1.442 66
Sipht 29 1.0 18152.432 1.443 66
Sipht 29 1.0 18152.432 1.442 65
Sipht 58 1.0 35269.370 4.949 49
Sipht 58 1.0 35271.311 4.976 50
Sipht 58 1.0 35271.335 4.959 50
Sipht 58 1.0 35264.130 4.975 51
Sipht 58 1.0 35269.370 4.985 50
Sipht 58 1.0 35264.043 4.970 50
Sipht 58 1.0 35269.370 4.944 49
Sipht 58 1.0 35265.890 4.953 50
Sipht 58 1.0 35269.397 4.983 50
Sipht 58 1.0 35264.154 4.940 49
Sipht 97 1.0 52439.231 15.327 45
Sipht 97 1.0 52439.506 15.207 43
Sipht 97 1.0 52439.450 15.331 44
Sipht 97 1.0 52439.496 15.232 43
Sipht 97 1.0 52439.253 15.265 43
Sipht 97 1.0 52439.315 15.239 44
Sipht 97 1.0 52439.320 15.306 43
Sipht 97 1.0 52439.507 15.270 43
Sipht 97 1.0 52439.192 15.188 42
Sipht 97 1.0 52439.256 15.222 43
