CyberShake 30 1.0 4442.888 1.396 54
CyberShake 30 1.0 4442.214 1.403 54
CyberShake 30 1.0 4441.098 1.394 55
CyberShake 30 1.0 4447.751 1.390 54
CyberShake 30 1.0 4442.241 1.397 54
CyberShake 30 1.0 4441.135 1.391 54
CyberShake 30 1.0 4442.211 1.391 53
CyberShake 30 1.0 4441.096 1.392 54
CyberShake 30 1.0 4442.221 1.399 54
CyberShake 30 1.0 4442.897 1.397 53
CyberShake 50 1.0 5968.730 2.356 30
CyberShake 50 1.0 5961.744 2.342 30
CyberShake 50 1.0 5969.988 2.372 30
CyberShake 50 1.0 5961.733 2.368 29
CyberShake 50 1.0 5962.807 2.360 29
CyberShake 50 1.0 5962.826 2.335 30
CyberShake 50 1.0 5962.798 2.355 30
CyberShake 50 1.0 5961.734 2.351 30
CyberShake 50 1.0 5976.420 2.375 30
CyberShake 50 1.0 5961.734 2.359 29
CyberShake 100 1.0 8770.937 8.122 19
CyberShake 100 1.0 8782.463 8.054 19
CyberShake 100 1.0 8755.341 8.033 21
CyberShake 100 1.0 8747.459 8.089 19
CyberShake 100 1.0 8760.430 8.123 19
CyberShake 100 1.0 8772.837 8.058 19
CyberShake 100 1.0 8771.393 7.970 19
CyberShake 100 1.0 8771.669 8.044 19
CyberShake 100 1.0 8773.688 8.094 19
CyberShake 100 1.0 8747.812 8.014 19
Epigenomics 24 1.0 54818.410 0.821 52
Epigenomics 24 1.0 54814.258 0.823 52
Epigenomics 24 1.0 54806.301 0.827 52
Epigenomics 24 1.0 54801.252 0.818 53
Epigenomics 24 1.0 54807.185 0.822 53
Epigenomics 24 1.0 54817.152 0.820 53
Epigenomics 24 1.0 54824.690 0.826 53
Epigenomics 24 1.0 54827.737 0.827 52
Epigenomics 24 1.0 54815.858 0.829 53
Epigenomics 24 1.0 54808.155 0.819 52
Epigenomics 47 1.0 126079.796 2.603 37
Epigenomics 47 1.0 126083.505 2.602 40
Epigenomics 47 1.0 126079.419 2.626 38
Epigenomics 47 1.0 126076.221 2.603 37
Epigenomics 47 1.0 126082.597 2.610 38
Epigenomics 47 1.0 126087.189 2.618 38
Epigenomics 47 1.0 126078.819 2.626 38
Epigenomics 47 1.0 126081.929 2.626 37
Epigenomics 47 1.0 126074.912 2.615 37
Epigenomics 47 1.0 126083.028 2.616 39
Epigenomics 100 1.0 1222511.825 8.281 21
Epigenomics 100 1.0 1222513.107 8.134 20
Epigenomics 100 1.0 1222510.540 8.131 20
Epigenomics 100 1.0 1222512.378 8.163 20
Epigenomics 100 1.0 1222510.417 8.278 21
Epigenomics 100 1.0 1222514.683 8.163 20
Epigenomics 100 1.0 1222514.503 8.268 21
Epigenomics 100 1.0 1222524.754 8.168 20
Epigenomics 100 1.0 1222513.218 8.299 20
Epigenomics 100 1.0 1222512.781 8.191 20
Ligo 30 1.0 19981.472 1.081 42
Ligo 30 1.0 19981.513 1.082 41
Ligo 30 1.0 19972.963 1.082 41
Ligo 30 1.0 19973.201 1.076 41
Ligo 30 1.0 19973.111 1.071 40
Ligo 30 1.0 19973.111 1.080 41
Ligo 30 1.0 19973.404 1.082 42
Ligo 30 1.0 19973.386 1.071 40
Ligo 30 1.0 19981.156 1.080 41
Ligo 30 1.0 19973.125 1.071 40
Ligo 50 1.0 35503.000 1.970 23
Ligo 50 1.0 35496.395 1.954 23
Ligo 50 1.0 35496.530 1.943 22
Ligo 50 1.0 35497.818 1.956 23
Ligo 50 1.0 35496.739 1.944 22
Ligo 50 1.0 35497.730 1.956 23
Ligo 50 1.0 35497.529 1.966 25
Ligo 50 1.0 35499.428 1.957 25
Ligo 50 1.0 35496.567 1.965 23
Ligo 50 1.0 35498.569 1.945 22
Ligo 100 1.0 63444.652 6.320 17
Ligo 100 1.0 63443.895 6.183 16
Ligo 100 1.0 63442.599 6.328 17
Ligo 100 1.0 63443.385 6.345 17
Ligo 100 1.0 63445.524 6.336 17
Ligo 100 1.0 63442.951 6.214 16
Ligo 100 1.0 63442.932 6.173 16
Ligo 100 1.0 63442.777 6.303 17
Ligo 100 1.0 63442.824 6.269 17
Ligo 100 1.0 63451.057 6.337 17
Montage 25 1.0 705.503 0.802 44
Montage 25 1.0 705.717 0.800 45
Montage 25 1.0 705.717 0.796 45
Montage 25 1.0 705.825 0.801 44
Montage 25 1.0 705.503 0.799 44
Montage 25 1.0 705.717 0.798 44
Montage 25 1.0 705.749 0.803 45
Montage 25 1.0 705.503 0.801 45
Montage 25 1.0 705.717 0.797 46
Montage 25 1.0 705.658 0.796 44
Montage 50 1.0 1555.986 1.835 23
Montage 50 1.0 1556.358 1.840 23
Montage 50 1.0 1556.265 1.843 23
Montage 50 1.0 1556.230 1.815 22
Montage 50 1.0 1556.065 1.815 22
Montage 50 1.0 1556.029 1.830 23
Montage 50 1.0 1556.260 1.831 23
Montage 50 1.0 1556.046 1.820 23
Montage 50 1.0 1555.904 1.829 23
Montage 50 1.0 1556.619 1.813 22
Montage 100 1.0 3295.861 5.307 12
Montage 100 1.0 3294.946 5.271 12
Montage 100 1.0 3293.915 5.269 12
Montage 100 1.0 3293.813 5.287 12
Montage 100 1.0 3294.400 5.275 12
Montage 100 1.0 3294.933 5.268 12
Montage 100 1.0 3295.220 5.273 12
Montage 100 1.0 3295.944 5.264 12
Montage 100 1.0 3293.389 5.283 12
Montage 100 1.0 3294.609 5.276 12
Sipht 29 1.0 18152.432 1.446 65
Sipht 29 1.0 18152.432 1.445 65
Sipht 29 1.0 18152.432 1.441 65
Sipht 29 1.0 18152.432 1.444 65
Sipht 29 1.0 18152.432 1.444 65
Sipht 29 1.0 18152.432 1.445 65
Sipht 29 1.0 18152.432 1.445 64
Sipht 29 1.0 18152.432 1.442 64
Sipht 29 1.0 18152.432 1.449 65
Sipht 29 1.0 18152.432 1.444 64
Sipht 58 1.0 35269.616 4.947 46
Sipht 58 1.0 35271.335 4.993 47
Sipht 58 1.0 35271.311 4.955 47
Sipht 58 1.0 35271.335 4.984 47
Sipht 58 1.0 35271.335 4.967 47
Sipht 58 1.0 35270.033 4.959 47
Sipht 58 1.0 35270.054 4.965 47
Sipht 58 1.0 35271.311 4.973 47
Sipht 58 1.0 35271.311 4.999 47
Sipht 58 1.0 35270.376 4.995 47
Sipht 97 1.0 52439.203 15.296 42
Sipht 97 1.0 52439.469 15.187 42
Sipht 97 1.0 52439.227 15.283 42
Sipht 97 1.0 52439.407 15.339 43
Sipht 97 1.0 52440.162 15.267 43
Sipht 97 1.0 52440.155 15.321 43
Sipht 97 1.0 52439.228 15.337 43
Sipht 97 1.0 52439.228 15.258 43
Sipht 97 1.0 52439.999 15.374 44
Sipht 97 1.0 52440.082 15.366 44
