CyberShake 30 1.0 4448.171 1.394 53
CyberShake 30 1.0 4448.498 1.391 53
CyberShake 30 1.0 4441.098 1.400 54
CyberShake 30 1.0 4441.109 1.389 53
CyberShake 30 1.0 4441.106 1.399 54
CyberShake 30 1.0 4441.097 1.391 54
CyberShake 30 1.0 4441.098 1.400 55
CyberShake 30 1.0 4442.214 1.398 53
CyberShake 30 1.0 4446.499 1.395 55
CyberShake 30 1.0 4442.211 1.401 54
CyberShake 50 1.0 5962.925 2.347 29
CyberShake 50 1.0 5961.736 2.358 29
CyberShake 50 1.0 5962.851 2.339 29
CyberShake 50 1.0 5961.733 2.366 31
CyberShake 50 1.0 5961.744 2.368 30
CyberShake 50 1.0 5962.077 2.343 28
CyberShake 50 1.0 5961.746 2.365 31
CyberShake 50 1.0 5961.752 2.361 29
CyberShake 50 1.0 5962.806 2.349 28
CyberShake 50 1.0 5966.677 2.339 29
CyberShake 100 1.0 8774.924 8.085 19
CyberShake 100 1.0 8784.401 8.047 21
CyberShake 100 1.0 8770.759 8.105 19
CyberShake 100 1.0 8767.475 7.998 18
CyberShake 100 1.0 8764.014 7.962 18
CyberShake 100 1.0 8791.825 7.959 18
CyberShake 100 1.0 8789.709 7.967 18
CyberShake 100 1.0 8769.046 8.059 21
CyberShake 100 1.0 8782.386 7.985 18
CyberShake 100 1.0 8784.733 8.062 21
Epigenomics 24 1.0 54809.593 0.823 50
Epigenomics 24 1.0 54794.124 0.821 52
Epigenomics 24 1.0 54796.498 0.826 52
Epigenomics 24 1.0 54817.955 0.822 51
Epigenomics 24 1.0 54799.785 0.823 51
Epigenomics 24 1.0 54796.136 0.822 52
Epigenomics 24 1.0 54817.911 0.822 50
Epigenomics 24 1.0 54815.159 0.819 50
Epigenomics 24 1.0 54824.395 0.819 50
Epigenomics 24 1.0 54806.485 0.819 50
Epigenomics 47 1.0 126079.480 2.604 38
Epigenomics 47 1.0 126079.185 2.608 36
Epigenomics 47 1.0 126078.382 2.615 38
Epigenomics 47 1.0 126089.486 2.605 37
Epigenomics 47 1.0 126083.540 2.611 38
Epigenomics 47 1.0 126079.760 2.621 39
Epigenomics 47 1.0 126083.183 2.627 39
Epigenomics 47 1.0 126083.813 2.602 38
Epigenomics 47 1.0 126083.680 2.607 38
Epigenomics 47 1.0 126080.641 2.617 38
Epigenomics 100 1.0 1222513.676 8.116 18
Epigenomics 100 1.0 1222521.310 8.242 19
Epigenomics 100 1.0 1222516.814 8.154 19
Epigenomics 100 1.0 1222517.222 8.238 19
Epigenomics 100 1.0 1222520.056 8.195 20
Epigenomics 100 1.0 1222514.233 8.209 21
Epigenomics 100 1.0 1222526.408 8.185 19
Epigenomics 100 1.0 1222519.205 8.218 19
Epigenomics 100 1.0 1222513.789 8.146 18
Epigenomics 100 1.0 1222530.853 8.265 20
Ligo 30 1.0 19975.132 1.081 40
Ligo 30 1.0 19973.401 1.071 40
Ligo 30 1.0 19983.659 1.080 42
Ligo 30 1.0 19973.507 1.073 41
Ligo 30 1.0 19973.125 1.076 41
Ligo 30 1.0 19973.806 1.072 40
Ligo 30 1.0 19973.004 1.078 42
Ligo 30 1.0 19974.635 1.069 40
Ligo 30 1.0 19973.560 1.080 39
Ligo 30 1.0 19973.798 1.071 39
Ligo 50 1.0 35495.933 1.961 23
Ligo 50 1.0 35498.325 1.960 24
Ligo 50 1.0 35496.725 1.965 23
Ligo 50 1.0 35498.025 1.953 23
Ligo 50 1.0 35498.671 1.940 24
Ligo 50 1.0 35498.048 1.942 22
Ligo 50 1.0 35497.687 1.960 23
Ligo 50 1.0 35504.210 1.956 23
Ligo 50 1.0 35497.095 1.942 22
Ligo 50 1.0 35498.139 1.956 23
Ligo 100 1.0 63442.614 6.292 14
Ligo 100 1.0 63443.846 6.295 14
Ligo 100 1.0 63443.777 6.299 14
Ligo 100 1.0 63445.541 6.276 14
Ligo 100 1.0 63443.766 6.184 13
Ligo 100 1.0 63442.922 6.181 13
Ligo 100 1.0 63443.076 6.300 14
Ligo 100 1.0 63444.658 6.169 13
Ligo 100 1.0 63443.839 6.224 13
Ligo 100 1.0 63443.302 6.305 14
Montage 25 1.0 705.503 0.813 44
Montage 25 1.0 705.503 0.795 41
Montage 25 1.0 705.728 0.802 44
Montage 25 1.0 705.503 0.799 42
Montage 25 1.0 705.503 0.802 43
Montage 25 1.0 705.717 0.796 43
Montage 25 1.0 705.717 0.801 44
Montage 25 1.0 705.657 0.796 44
Montage 25 1.0 705.717 0.797 43
Montage 25 1.0 705.655 0.803 44
Montage 50 1.0 1556.176 1.826 21
Montage 50 1.0 1556.617 1.835 21
Montage 50 1.0 1556.296 1.835 21
Montage 50 1.0 1556.398 1.823 21
Montage 50 1.0 1556.209 1.835 21
Montage 50 1.0 1556.372 1.826 21
Montage 50 1.0 1555.943 1.821 21
Montage 50 1.0 1556.271 1.839 21
Montage 50 1.0 1556.058 1.829 21
Montage 50 1.0 1556.294 1.837 21
Montage 100 1.0 3295.214 5.266 12
Montage 100 1.0 3295.400 5.271 12
Montage 100 1.0 3294.988 5.390 13
Montage 100 1.0 3295.692 5.274 12
Montage 100 1.0 3296.106 5.270 12
Montage 100 1.0 3294.833 5.275 12
Montage 100 1.0 3294.933 5.283 12
Montage 100 1.0 3294.546 5.404 13
Montage 100 1.0 3295.963 5.407 13
Montage 100 1.0 3295.814 5.393 13
Sipht 29 1.0 18152.432 1.445 62
Sipht 29 1.0 18152.432 1.438 62
Sipht 29 1.0 18152.432 1.447 63
Sipht 29 1.0 18152.432 1.444 62
Sipht 29 1.0 18152.432 1.453 63
Sipht 29 1.0 18152.432 1.445 63
Sipht 29 1.0 18152.432 1.447 63
Sipht 29 1.0 18152.432 1.442 62
Sipht 29 1.0 18152.432 1.441 62
Sipht 29 1.0 18152.432 1.440 62
Sipht 58 1.0 35271.335 4.955 47
Sipht 58 1.0 35271.311 4.979 47
Sipht 58 1.0 35271.311 4.988 47
Sipht 58 1.0 35271.311 4.952 47
Sipht 58 1.0 35271.311 4.952 46
Sipht 58 1.0 35271.311 4.949 47
Sipht 58 1.0 35271.311 4.980 47
Sipht 58 1.0 35271.311 4.941 47
Sipht 58 1.0 35271.311 4.943 46
Sipht 58 1.0 35271.335 4.967 46
Sipht 97 1.0 52439.421 15.243 41
Sipht 97 1.0 52439.445 15.307 41
Sipht 97 1.0 52439.427 15.246 42
Sipht 97 1.0 52440.053 15.272 41
Sipht 97 1.0 52439.266 15.330 42
Sipht 97 1.0 52439.456 15.233 42
Sipht 97 1.0 52440.071 15.183 41
Sipht 97 1.0 52440.151 15.277 43
Sipht 97 1.0 52439.434 15.296 41
Sipht 97 1.0 52439.429 15.201 41
