CyberShake 30 1.0 4441.097 1.396 55
CyberShake 30 1.0 4441.982 1.399 57
CyberShake 30 1.0 4441.128 1.393 56
CyberShake 30 1.0 4442.219 1.399 57
CyberShake 30 1.0 4441.100 1.394 57
CyberShake 30 1.0 4441.099 1.391 56
CyberShake 30 1.0 4442.221 1.402 57
CyberShake 30 1.0 4441.097 1.396 58
CyberShake 30 1.0 4441.103 1.394 57
CyberShake 30 1.0 4441.099 1.401 56
CyberShake 50 1.0 5961.870 2.348 30
CyberShake 50 1.0 5967.920 2.337 30
CyberShake 50 1.0 5966.827 2.334 32
CyberShake 50 1.0 5962.970 2.345 30
CyberShake 50 1.0 5963.491 2.356 30
CyberShake 50 1.0 5963.437 2.365 31
CyberShake 50 1.0 5963.189 2.358 31
CyberShake 50 1.0 5979.552 2.367 33
CyberShake 50 1.0 5971.870 2.342 30
CyberShake 50 1.0 5963.222 2.362 32
CyberShake 100 1.0 8768.629 8.091 20
CyberShake 100 1.0 8803.057 7.975 20
CyberShake 100 1.0 8755.688 7.982 20
CyberShake 100 1.0 8777.070 7.994 20
CyberShake 100 1.0 8802.138 8.011 20
CyberShake 100 1.0 8807.438 7.964 20
CyberShake 100 1.0 8764.175 8.037 20
CyberShake 100 1.0 8820.969 7.991 20
CyberShake 100 1.0 8806.967 7.956 20
CyberShake 100 1.0 8786.766 8.075 21
Epigenomics 24 1.0 54810.584 0.825 53
Epigenomics 24 1.0 54799.561 0.819 52
Epigenomics 24 1.0 54793.830 0.824 51
Epigenomics 24 1.0 54799.733 0.822 53
Epigenomics 24 1.0 54802.245 0.822 54
Epigenomics 24 1.0 54799.561 0.820 54
Epigenomics 24 1.0 54809.546 0.824 54
Epigenomics 24 1.0 54796.442 0.826 55
Epigenomics 24 1.0 54801.506 0.822 52
Epigenomics 24 1.0 54800.379 0.821 54
Epigenomics 47 1.0 126079.814 2.606 39
Epigenomics 47 1.0 126081.143 2.609 40
Epigenomics 47 1.0 126086.050 2.615 40
Epigenomics 47 1.0 126079.793 2.616 40
Epigenomics 47 1.0 126080.189 2.604 41
Epigenomics 47 1.0 126086.968 2.614 40
Epigenomics 47 1.0 126078.445 2.607 40
Epigenomics 47 1.0 126082.878 2.625 40
Epigenomics 47 1.0 126085.513 2.619 41
Epigenomics 47 1.0 126083.517 2.607 40
Epigenomics 100 1.0 1222513.746 8.170 21
Epigenomics 100 1.0 1222513.747 8.115 21
Epigenomics 100 1.0 1222511.802 8.141 21
Epigenomics 100 1.0 1222516.891 8.161 21
Epigenomics 100 1.0 1222514.044 8.137 21
Epigenomics 100 1.0 1222514.865 8.190 22
Epigenomics 100 1.0 1222514.246 8.251 22
Epigenomics 100 1.0 1222516.996 8.145 22
Epigenomics 100 1.0 1222515.255 8.210 22
Epigenomics 100 1.0 1222513.170 8.226 21
Ligo 30 1.0 19973.114 1.075 43
Ligo 30 1.0 19972.963 1.075 43
Ligo 30 1.0 19973.122 1.073 42
Ligo 30 1.0 19981.156 1.076 42
Ligo 30 1.0 19973.208 1.077 44
Ligo 30 1.0 19984.392 1.074 42
Ligo 30 1.0 19983.827 1.072 44
Ligo 30 1.0 19973.352 1.073 42
Ligo 30 1.0 19976.041 1.069 42
Ligo 30 1.0 19973.396 1.078 42
Ligo 50 1.0 35506.009 1.940 25
Ligo 50 1.0 35503.914 1.952 25
Ligo 50 1.0 35502.506 1.964 26
Ligo 50 1.0 35500.403 1.955 26
Ligo 50 1.0 35504.066 1.969 26
Ligo 50 1.0 35500.228 1.967 26
Ligo 50 1.0 35508.951 1.957 25
Ligo 50 1.0 35512.343 1.961 25
Ligo 50 1.0 35499.414 1.944 25
Ligo 50 1.0 35504.034 1.942 26
Ligo 100 1.0 63444.929 6.169 16
Ligo 100 1.0 63442.840 6.295 17
Ligo 100 1.0 63444.431 6.188 16
Ligo 100 1.0 63449.089 6.184 16
Ligo 100 1.0 63443.653 6.304 17
Ligo 100 1.0 63445.051 6.301 17
Ligo 100 1.0 63444.896 6.302 17
Ligo 100 1.0 63443.362 6.316 17
Ligo 100 1.0 63443.051 6.330 17
Ligo 100 1.0 63447.852 6.175 16
Montage 25 1.0 705.717 0.806 47
Montage 25 1.0 705.503 0.803 47
Montage 25 1.0 705.728 0.799 47
Montage 25 1.0 705.717 0.801 46
Montage 25 1.0 705.503 0.794 45
Montage 25 1.0 705.503 0.794 46
Montage 25 1.0 705.503 0.799 46
Montage 25 1.0 705.503 0.803 47
Montage 25 1.0 705.657 0.801 48
Montage 25 1.0 705.503 0.798 46
Montage 50 1.0 1556.307 1.837 24
Montage 50 1.0 1556.166 1.822 24
Montage 50 1.0 1556.463 1.813 24
Montage 50 1.0 1556.216 1.827 24
Montage 50 1.0 1556.715 1.822 24
Montage 50 1.0 1556.368 1.838 24
Montage 50 1.0 1556.573 1.825 24
Montage 50 1.0 1556.605 1.823 24
Montage 50 1.0 1556.651 1.816 24
Montage 50 1.0 1556.584 1.827 24
Montage 100 1.0 3296.285 5.353 12
Montage 100 1.0 3295.466 5.347 12
Montage 100 1.0 3295.030 5.334 12
Montage 100 1.0 3295.208 5.270 12
Montage 100 1.0 3296.285 5.285 12
Montage 100 1.0 3295.784 5.286 12
Montage 100 1.0 3295.608 5.294 12
Montage 100 1.0 3294.534 5.284 12
Montage 100 1.0 3296.031 5.307 12
Montage 100 1.0 3295.230 5.296 12
Sipht 29 1.0 18152.432 1.441 66
Sipht 29 1.0 18152.432 1.443 66
Sipht 29 1.0 18152.432 1.450 67
Sipht 29 1.0 18152.432 1.450 67
Sipht 29 1.0 18152.432 1.439 66
Sipht 29 1.0 18152.432 1.438 66
Sipht 29 1.0 18152.432 1.449 67
Sipht 29 1.0 18152.432 1.450 67
Sipht 29 1.0 18152.432 1.439 66
Sipht 29 1.0 18152.432 1.439 66
Sipht 58 1.0 35267.601 4.980 50
Sipht 58 1.0 35265.805 4.982 50
Sipht 58 1.0 35269.741 4.966 50
Sipht 58 1.0 35269.439 4.980 50
Sipht 58 1.0 35269.377 4.965 50
Sipht 58 1.0 35266.684 4.974 49
Sipht 58 1.0 35269.639 4.980 50
Sipht 58 1.0 35269.348 4.969 50
Sipht 58 1.0 35269.370 4.959 50
Sipht 58 1.0 35264.043 4.946 49
Sipht 97 1.0 52439.498 15.333 44
Sipht 97 1.0 52439.478 15.315 44
Sipht 97 1.0 52440.169 15.183 42
Sipht 97 1.0 52439.202 15.183 43
Sipht 97 1.0 52439.243 15.341 44
Sipht 97 1.0 52440.002 15.178 43
Sipht 97 1.0 52439.449 15.344 44
Sipht 97 1.0 52439.921 15.251 44
Sipht 97 1.0 52439.453 15.241 43
Sipht 97 1.0 52439.462 15.242 44
