CyberShake 30 1.0 4442.208 1.397 54
CyberShake 30 1.0 4442.896 1.394 53
CyberShake 30 1.0 4442.519 1.391 53
CyberShake 30 1.0 4446.989 1.401 54
CyberShake 30 1.0 4447.911 1.396 54
CyberShake 30 1.0 4449.182 1.399 54
CyberShake 30 1.0 4446.479 1.396 53
CyberShake 30 1.0 4441.099 1.402 55
CyberShake 30 1.0 4442.219 1.394 53
CyberShake 30 1.0 4442.886 1.392 52
CyberShake 50 1.0 5962.797 2.358 30
CyberShake 50 1.0 5961.733 2.345 29
CyberShake 50 1.0 5976.702 2.349 30
CyberShake 50 1.0 5968.649 2.355 30
CyberShake 50 1.0 5971.433 2.363 29
CyberShake 50 1.0 5961.743 2.366 28
CyberShake 50 1.0 5961.732 2.364 31
CyberShake 50 1.0 5962.798 2.350 29
CyberShake 50 1.0 5966.678 2.373 31
CyberShake 50 1.0 5961.733 2.354 29
CyberShake 100 1.0 8745.749 7.968 19
CyberShake 100 1.0 8765.747 7.974 19
CyberShake 100 1.0 8776.840 7.978 19
CyberShake 100 1.0 8752.887 8.080 19
CyberShake 100 1.0 8791.132 8.018 19
CyberShake 100 1.0 8760.236 8.119 19
CyberShake 100 1.0 8786.202 8.076 19
CyberShake 100 1.0 8789.600 7.954 19
CyberShake 100 1.0 8758.897 8.050 21
CyberShake 100 1.0 8781.886 7.982 19
Epigenomics 24 1.0 54836.973 0.825 53
Epigenomics 24 1.0 54816.271 0.819 52
Epigenomics 24 1.0 54813.017 0.821 52
Epigenomics 24 1.0 54811.934 0.824 52
Epigenomics 24 1.0 54817.961 0.823 53
Epigenomics 24 1.0 54801.274 0.821 53
Epigenomics 24 1.0 54809.286 0.825 52
Epigenomics 24 1.0 54827.856 0.818 51
Epigenomics 24 1.0 54814.301 0.819 51
Epigenomics 24 1.0 54808.022 0.824 53
Epigenomics 47 1.0 126078.905 2.633 39
Epigenomics 47 1.0 126077.382 2.620 39
Epigenomics 47 1.0 126086.358 2.604 39
Epigenomics 47 1.0 126074.956 2.606 38
Epigenomics 47 1.0 126075.728 2.604 39
Epigenomics 47 1.0 126080.415 2.622 40
Epigenomics 47 1.0 126081.361 2.609 39
Epigenomics 47 1.0 126077.388 2.610 39
Epigenomics 47 1.0 126077.356 2.622 38
Epigenomics 47 1.0 126086.961 2.616 39
Epigenomics 100 1.0 1222519.730 8.123 20
Epigenomics 100 1.0 1222520.557 8.280 20
Epigenomics 100 1.0 1222518.029 8.145 20
Epigenomics 100 1.0 1222511.933 8.247 21
Epigenomics 100 1.0 1222524.864 8.208 21
Epigenomics 100 1.0 1222513.352 8.289 20
Epigenomics 100 1.0 1222513.264 8.250 21
Epigenomics 100 1.0 1222513.056 8.279 20
Epigenomics 100 1.0 1222516.603 8.239 21
Epigenomics 100 1.0 1222509.971 8.183 20
Ligo 30 1.0 19973.111 1.071 40
Ligo 30 1.0 19972.928 1.078 40
Ligo 30 1.0 19981.195 1.082 41
Ligo 30 1.0 19973.114 1.079 42
Ligo 30 1.0 19981.486 1.081 41
Ligo 30 1.0 19973.122 1.076 41
Ligo 30 1.0 19972.928 1.083 41
Ligo 30 1.0 19981.156 1.073 40
Ligo 30 1.0 19973.111 1.076 40
Ligo 30 1.0 19973.194 1.081 40
Ligo 50 1.0 35497.801 1.950 22
Ligo 50 1.0 35500.232 1.950 23
Ligo 50 1.0 35496.988 1.973 22
Ligo 50 1.0 35499.025 1.938 22
Ligo 50 1.0 35499.070 1.973 25
Ligo 50 1.0 35497.737 1.949 22
Ligo 50 1.0 35497.051 1.973 23
Ligo 50 1.0 35496.249 1.942 22
Ligo 50 1.0 35496.207 1.945 22
Ligo 50 1.0 35497.934 1.968 23
Ligo 100 1.0 63443.149 6.324 17
Ligo 100 1.0 63443.052 6.336 17
Ligo 100 1.0 63442.911 6.339 17
Ligo 100 1.0 63442.700 6.322 17
Ligo 100 1.0 63443.928 6.179 16
Ligo 100 1.0 63443.318 6.194 16
Ligo 100 1.0 63442.728 6.328 17
Ligo 100 1.0 63450.266 6.226 16
Ligo 100 1.0 63443.314 6.313 17
Ligo 100 1.0 63444.634 6.304 17
Montage 25 1.0 705.657 0.801 45
Montage 25 1.0 705.717 0.796 44
Montage 25 1.0 705.503 0.795 44
Montage 25 1.0 705.717 0.800 45
Montage 25 1.0 705.717 0.798 44
Montage 25 1.0 705.503 0.801 45
Montage 25 1.0 705.717 0.804 45
Montage 25 1.0 705.856 0.800 45
Montage 25 1.0 705.657 0.802 46
Montage 25 1.0 705.825 0.802 45
Montage 50 1.0 1556.425 1.811 23
Montage 50 1.0 1556.218 1.829 23
Montage 50 1.0 1556.284 1.825 23
Montage 50 1.0 1556.555 1.826 23
Montage 50 1.0 1556.304 1.839 23
Montage 50 1.0 1556.623 1.821 22
Montage 50 1.0 1556.497 1.818 23
Montage 50 1.0 1556.358 1.844 23
Montage 50 1.0 1556.296 1.813 22
Montage 50 1.0 1556.280 1.834 23
Montage 100 1.0 3294.135 5.271 12
Montage 100 1.0 3295.911 5.261 12
Montage 100 1.0 3295.290 5.286 12
Montage 100 1.0 3295.418 5.278 12
Montage 100 1.0 3294.408 5.292 12
Montage 100 1.0 3294.462 5.287 12
Montage 100 1.0 3294.411 5.280 12
Montage 100 1.0 3294.773 5.289 12
Montage 100 1.0 3293.924 5.293 12
Montage 100 1.0 3294.346 5.328 12
Sipht 29 1.0 18152.432 1.442 65
Sipht 29 1.0 18152.432 1.442 65
Sipht 29 1.0 18152.432 1.438 65
Sipht 29 1.0 18152.432 1.450 64
Sipht 29 1.0 18152.432 1.442 64
Sipht 29 1.0 18152.432 1.451 65
Sipht 29 1.0 18152.432 1.441 65
Sipht 29 1.0 18152.432 1.451 66
Sipht 29 1.0 18152.432 1.441 65
Sipht 29 1.0 18152.432 1.443 65
Sipht 58 1.0 35270.033 4.996 48
Sipht 58 1.0 35270.054 4.992 47
Sipht 58 1.0 35271.335 4.958 47
Sipht 58 1.0 35271.311 4.960 46
Sipht 58 1.0 35271.335 4.968 47
Sipht 58 1.0 35270.357 4.970 47
Sipht 58 1.0 35271.335 4.997 47
Sipht 58 1.0 35270.357 4.961 47
Sipht 58 1.0 35270.357 4.943 46
Sipht 58 1.0 35271.311 4.951 46
Sipht 97 1.0 52439.486 15.187 43
Sipht 97 1.0 52439.897 15.319 43
Sipht 97 1.0 52439.155 15.325 43
Sipht 97 1.0 52439.478 15.250 43
Sipht 97 1.0 52439.214 15.318 42
Sipht 97 1.0 52439.194 15.282 43
Sipht 97 1.0 52439.426 15.182 42
Sipht 97 1.0 52439.212 15.307 43
Sipht 97 1.0 52439.226 15.233 43
Sipht 97 1.0 52441.042 15.233 42
