CyberShake 30 1.0 4442.212 1.391 54
CyberShake 30 1.0 4441.148 1.394 54
CyberShake 30 1.0 4442.221 1.403 54
CyberShake 30 1.0 4442.208 1.395 54
CyberShake 30 1.0 4449.581 1.394 54
CyberShake 30 1.0 4442.212 1.389 53
CyberShake 30 1.0 4441.097 1.398 54
CyberShake 30 1.0 4441.100 1.392 54
CyberShake 30 1.0 4442.211 1.395 54
CyberShake 30 1.0 4481.734 1.396 53
CyberShake 50 1.0 5961.785 2.345 29
CyberShake 50 1.0 5961.786 2.337 30
CyberShake 50 1.0 5966.688 2.362 31
CyberShake 50 1.0 5962.830 2.366 31
CyberShake 50 1.0 5961.766 2.357 31
CyberShake 50 1.0 5980.604 2.345 30
CyberShake 50 1.0 5961.734 2.371 30
CyberShake 50 1.0 5973.273 2.368 31
CyberShake 50 1.0 5961.733 2.348 29
CyberShake 50 1.0 5962.806 2.354 29
CyberShake 100 1.0 8746.062 8.085 19
CyberShake 100 1.0 8762.012 8.047 19
CyberShake 100 1.0 8766.405 8.072 19
CyberShake 100 1.0 8788.798 8.059 21
CyberShake 100 1.0 8783.697 8.079 19
CyberShake 100 1.0 8761.263 8.064 19
CyberShake 100 1.0 8782.183 8.049 19
CyberShake 100 1.0 8758.738 8.001 19
CyberShake 100 1.0 8749.314 8.025 19
CyberShake 100 1.0 8804.329 7.999 19
Epigenomics 24 1.0 54823.006 0.819 51
Epigenomics 24 1.0 54824.746 0.827 53
Epigenomics 24 1.0 54833.649 0.828 52
Epigenomics 24 1.0 54807.895 0.819 52
Epigenomics 24 1.0 54831.408 0.823 51
Epigenomics 24 1.0 54803.757 0.823 52
Epigenomics 24 1.0 54804.205 0.825 53
Epigenomics 24 1.0 54813.274 0.825 53
Epigenomics 24 1.0 54814.861 0.818 52
Epigenomics 24 1.0 54830.969 0.827 53
Epigenomics 47 1.0 126089.104 2.601 38
Epigenomics 47 1.0 126078.467 2.623 38
Epigenomics 47 1.0 126082.285 2.600 39
Epigenomics 47 1.0 126080.639 2.633 38
Epigenomics 47 1.0 126075.782 2.629 39
Epigenomics 47 1.0 126090.756 2.636 37
Epigenomics 47 1.0 126079.365 2.606 37
Epigenomics 47 1.0 126083.035 2.616 40
Epigenomics 47 1.0 126081.519 2.607 38
Epigenomics 47 1.0 126094.287 2.631 38
Epigenomics 100 1.0 1222517.997 8.251 20
Epigenomics 100 1.0 1222512.460 8.191 20
Epigenomics 100 1.0 1222517.478 8.160 20
Epigenomics 100 1.0 1222516.218 8.129 18
Epigenomics 100 1.0 1222525.102 8.266 21
Epigenomics 100 1.0 1222511.730 8.260 20
Epigenomics 100 1.0 1222512.015 8.114 20
Epigenomics 100 1.0 1222515.066 8.151 21
Epigenomics 100 1.0 1222526.161 8.290 21
Epigenomics 100 1.0 1222515.410 8.120 20
Ligo 30 1.0 19973.473 1.077 41
Ligo 30 1.0 19973.399 1.071 41
Ligo 30 1.0 19983.887 1.072 40
Ligo 30 1.0 19973.031 1.072 40
Ligo 30 1.0 19972.980 1.074 42
Ligo 30 1.0 19973.207 1.079 41
Ligo 30 1.0 19973.702 1.073 41
Ligo 30 1.0 19973.571 1.071 40
Ligo 30 1.0 19972.965 1.072 40
Ligo 30 1.0 19973.203 1.081 42
Ligo 50 1.0 35500.647 1.971 23
Ligo 50 1.0 35498.296 1.969 25
Ligo 50 1.0 35496.570 1.941 22
Ligo 50 1.0 35498.899 1.943 22
Ligo 50 1.0 35498.422 1.975 23
Ligo 50 1.0 35497.625 1.965 23
Ligo 50 1.0 35498.726 1.945 22
Ligo 50 1.0 35499.619 1.967 18
Ligo 50 1.0 35499.012 1.949 22
Ligo 50 1.0 35496.495 1.963 24
Ligo 100 1.0 63442.646 6.226 16
Ligo 100 1.0 63443.338 6.262 17
Ligo 100 1.0 63444.234 6.172 16
Ligo 100 1.0 63442.985 6.296 17
Ligo 100 1.0 63443.123 6.284 17
Ligo 100 1.0 63446.003 6.226 16
Ligo 100 1.0 63443.256 6.344 17
Ligo 100 1.0 63443.198 6.169 16
Ligo 100 1.0 63442.964 6.228 16
Ligo 100 1.0 63444.065 6.309 17
Montage 25 1.0 705.503 0.794 45
Montage 25 1.0 705.655 0.802 44
Montage 25 1.0 705.728 0.803 45
Montage 25 1.0 705.717 0.804 45
Montage 25 1.0 705.657 0.804 46
Montage 25 1.0 705.655 0.798 44
Montage 25 1.0 705.728 0.799 46
Montage 25 1.0 705.503 0.797 44
Montage 25 1.0 705.503 0.798 45
Montage 25 1.0 705.503 0.798 45
Montage 50 1.0 1555.883 1.839 23
Montage 50 1.0 1556.356 1.827 23
Montage 50 1.0 1556.164 1.838 23
Montage 50 1.0 1555.789 1.840 23
Montage 50 1.0 1556.022 1.828 23
Montage 50 1.0 1556.218 1.847 23
Montage 50 1.0 1555.939 1.826 23
Montage 50 1.0 1556.287 1.818 23
Montage 50 1.0 1556.390 1.824 23
Montage 50 1.0 1556.237 1.807 23
Montage 100 1.0 3294.301 5.323 12
Montage 100 1.0 3294.245 5.326 12
Montage 100 1.0 3294.035 5.272 12
Montage 100 1.0 3294.548 5.277 12
Montage 100 1.0 3295.389 5.294 12
Montage 100 1.0 3295.000 5.279 12
Montage 100 1.0 3295.656 5.297 12
Montage 100 1.0 3294.085 5.282 12
Montage 100 1.0 3295.322 5.284 12
Montage 100 1.0 3295.035 5.298 12
Sipht 29 1.0 18152.432 1.448 65
Sipht 29 1.0 18152.432 1.440 65
Sipht 29 1.0 18152.432 1.444 65
Sipht 29 1.0 18152.432 1.440 65
Sipht 29 1.0 18152.432 1.443 65
Sipht 29 1.0 18152.432 1.438 65
Sipht 29 1.0 18152.432 1.444 65
Sipht 29 1.0 18152.432 1.450 65
Sipht 29 1.0 18152.432 1.440 65
Sipht 29 1.0 18152.432 1.443 65
Sipht 58 1.0 35271.335 4.985 47
Sipht 58 1.0 35271.335 4.945 47
Sipht 58 1.0 35269.370 4.981 47
Sipht 58 1.0 35271.335 4.949 47
Sipht 58 1.0 35271.311 4.973 47
Sipht 58 1.0 35270.054 4.963 46
Sipht 58 1.0 35271.311 4.969 47
Sipht 58 1.0 35269.803 4.974 46
Sipht 58 1.0 35270.054 4.983 47
Sipht 58 1.0 35271.335 4.959 47
Sipht 97 1.0 52439.471 15.215 41
Sipht 97 1.0 52439.198 15.354 42
Sipht 97 1.0 52440.101 15.198 42
Sipht 97 1.0 52439.476 15.335 43
Sipht 97 1.0 52439.400 15.257 42
Sipht 97 1.0 52440.092 15.341 43
Sipht 97 1.0 52440.020 15.288 43
Sipht 97 1.0 52439.433 15.276 42
Sipht 97 1.0 52439.485 15.301 43
Sipht 97 1.0 52439.421 15.191 43
