
Order: 1 2 3 5 4 6 7 8 
Allocate: 2 2 2 2 2 2 3 2 
StartTime: 0.000 27.000 32.000 38.000 41.500 57.500 41.500 62.500 
EndTime: 27.000 32.000 38.000 41.500 57.500 62.500 65.500 70.000 
MS: 70.000 EC: 2199.200 

Order: 1 4 3 2 5 7 6 8 
Allocate: 2 2 3 1 3 3 2 2 
StartTime: 0.000 27.000 27.000 27.000 45.000 51.500 43.000 48.500 
EndTime: 27.000 43.000 37.000 45.000 51.500 74.500 48.500 56.000 
MS: 74.500 EC: 2387.100 

Order: 1 2 3 5 4 7 6 8 
Allocate: 2 3 2 3 2 3 2 2 
StartTime: 0.000 27.000 27.000 36.000 33.000 42.500 49.000 54.000 
EndTime: 27.000 36.000 33.000 42.500 49.000 65.500 54.000 61.500 
MS: 65.500 EC: 2205.950 

Order: 1 3 2 4 5 7 6 8 
Allocate: 2 2 3 2 3 3 2 2 
StartTime: 0.000 27.000 27.000 33.000 36.000 42.500 49.000 54.000 
EndTime: 27.000 33.000 36.000 49.000 42.500 65.500 54.000 61.500 
MS: 65.500 EC: 2205.950 

Order: 1 3 2 4 6 5 7 8 
Allocate: 2 2 3 2 2 3 3 2 
StartTime: 0.000 27.000 27.000 33.000 49.000 36.000 42.500 54.000 
EndTime: 27.000 33.000 36.000 49.000 54.000 42.500 65.500 61.500 
MS: 65.500 EC: 2205.950 

Order: 1 2 3 5 4 6 7 8 
Allocate: 2 2 2 2 2 2 3 2 
StartTime: 0.000 27.000 32.000 38.000 41.500 57.500 41.500 62.500 
EndTime: 27.000 32.000 38.000 41.500 57.500 62.500 65.500 70.000 
MS: 70.000 EC: 2199.200 

Order: 1 2 3 5 4 6 8 7 
Allocate: 3 3 3 3 3 3 3 2 
StartTime: 0.000 27.000 32.000 38.000 41.500 57.500 62.500 41.500 
EndTime: 27.000 32.000 38.000 41.500 57.500 62.500 70.000 65.500 
MS: 70.000 EC: 2199.200 

Order: 1 3 2 5 4 6 7 8 
Allocate: 2 2 2 2 2 2 3 2 
StartTime: 0.000 27.000 33.000 38.000 41.500 57.500 41.500 62.500 
EndTime: 27.000 33.000 38.000 41.500 57.500 62.500 65.500 70.000 
MS: 70.000 EC: 2199.200 

Order: 1 2 3 5 4 6 7 8 
Allocate: 2 2 2 2 2 2 3 2 
StartTime: 0.000 27.000 32.000 38.000 41.500 57.500 41.500 62.500 
EndTime: 27.000 32.000 38.000 41.500 57.500 62.500 65.500 70.000 
MS: 70.000 EC: 2199.200 

Order: 1 4 3 2 5 7 6 8 
Allocate: 2 2 3 1 3 3 2 2 
StartTime: 0.000 27.000 27.000 27.000 45.000 51.500 43.000 48.500 
EndTime: 27.000 43.000 37.000 45.000 51.500 74.500 48.500 56.000 
MS: 74.500 EC: 2387.100 

Order: 1 2 3 5 4 7 6 8 
Allocate: 2 3 2 3 2 3 2 2 
StartTime: 0.000 27.000 27.000 36.000 33.000 42.500 49.000 54.000 
EndTime: 27.000 36.000 33.000 42.500 49.000 65.500 54.000 61.500 
MS: 65.500 EC: 2205.950 

Order: 1 3 2 4 6 5 8 7 
Allocate: 2 2 3 2 2 3 2 3 
StartTime: 0.000 27.000 27.000 33.000 49.000 36.000 54.000 42.500 
EndTime: 27.000 33.000 36.000 49.000 54.000 42.500 61.500 65.500 
MS: 65.500 EC: 2205.950 

Order: 1 3 2 4 5 6 8 7 
Allocate: 2 2 3 2 3 2 2 3 
StartTime: 0.000 27.000 27.000 33.000 36.000 49.000 54.000 42.500 
EndTime: 27.000 33.000 36.000 49.000 42.500 54.000 61.500 65.500 
MS: 65.500 EC: 2205.950 

Order: 1 2 3 5 4 6 7 8 
Allocate: 2 2 2 2 2 2 3 2 
StartTime: 0.000 27.000 32.000 38.000 41.500 57.500 41.500 62.500 
EndTime: 27.000 32.000 38.000 41.500 57.500 62.500 65.500 70.000 
MS: 70.000 EC: 2199.200 

Order: 1 2 3 5 4 6 7 8 
Allocate: 2 2 2 2 2 2 3 2 
StartTime: 0.000 27.000 32.000 38.000 41.500 57.500 41.500 62.500 
EndTime: 27.000 32.000 38.000 41.500 57.500 62.500 65.500 70.000 
MS: 70.000 EC: 2199.200 

Order: 1 3 2 5 4 6 7 8 
Allocate: 2 2 2 2 2 2 3 2 
StartTime: 0.000 27.000 33.000 38.000 41.500 57.500 41.500 62.500 
EndTime: 27.000 33.000 38.000 41.500 57.500 62.500 65.500 70.000 
MS: 70.000 EC: 2199.200 

Order: 1 2 3 5 4 6 7 8 
Allocate: 2 2 2 2 2 2 3 2 
StartTime: 0.000 27.000 32.000 38.000 41.500 57.500 41.500 62.500 
EndTime: 27.000 32.000 38.000 41.500 57.500 62.500 65.500 70.000 
MS: 70.000 EC: 2199.200 

Order: 1 4 3 2 5 7 6 8 
Allocate: 2 2 3 1 3 3 2 2 
StartTime: 0.000 27.000 27.000 27.000 45.000 51.500 43.000 48.500 
EndTime: 27.000 43.000 37.000 45.000 51.500 74.500 48.500 56.000 
MS: 74.500 EC: 2387.100 

Order: 1 2 3 5 4 7 6 8 
Allocate: 3 2 3 2 3 2 3 3 
StartTime: 0.000 27.000 27.000 36.000 33.000 42.500 49.000 54.000 
EndTime: 27.000 36.000 33.000 42.500 49.000 65.500 54.000 61.500 
MS: 65.500 EC: 2205.950 

Order: 1 3 2 4 6 8 5 7 
Allocate: 2 2 3 2 2 2 3 3 
StartTime: 0.000 27.000 27.000 33.000 49.000 54.000 36.000 42.500 
EndTime: 27.000 33.000 36.000 49.000 54.000 61.500 42.500 65.500 
MS: 65.500 EC: 2205.950 

Order: 1 2 3 4 5 6 7 8 
Allocate: 2 3 2 2 3 2 3 2 
StartTime: 0.000 27.000 27.000 33.000 36.000 49.000 42.500 54.000 
EndTime: 27.000 36.000 33.000 49.000 42.500 54.000 65.500 61.500 
MS: 65.500 EC: 2205.950 

Order: 1 2 3 5 4 6 7 8 
Allocate: 2 2 2 2 2 2 3 2 
StartTime: 0.000 27.000 32.000 38.000 41.500 57.500 41.500 62.500 
EndTime: 27.000 32.000 38.000 41.500 57.500 62.500 65.500 70.000 
MS: 70.000 EC: 2199.200 

Order: 1 2 3 5 7 4 6 8 
Allocate: 3 3 3 3 2 3 3 3 
StartTime: 0.000 27.000 32.000 38.000 41.500 41.500 57.500 62.500 
EndTime: 27.000 32.000 38.000 41.500 65.500 57.500 62.500 70.000 
MS: 70.000 EC: 2199.200 

Order: 1 2 3 5 4 7 6 8 
Allocate: 2 2 2 2 2 3 2 2 
StartTime: 0.000 27.000 32.000 38.000 41.500 41.500 57.500 62.500 
EndTime: 27.000 32.000 38.000 41.500 57.500 65.500 62.500 70.000 
MS: 70.000 EC: 2199.200 

Order: 1 2 3 5 4 6 7 8 
Allocate: 2 2 2 2 2 2 3 2 
StartTime: 0.000 27.000 32.000 38.000 41.500 57.500 41.500 62.500 
EndTime: 27.000 32.000 38.000 41.500 57.500 62.500 65.500 70.000 
MS: 70.000 EC: 2199.200 

Order: 1 4 3 2 5 7 6 8 
Allocate: 2 2 3 1 3 3 2 2 
StartTime: 0.000 27.000 27.000 27.000 45.000 51.500 43.000 48.500 
EndTime: 27.000 43.000 37.000 45.000 51.500 74.500 48.500 56.000 
MS: 74.500 EC: 2387.100 

Order: 1 2 3 5 4 7 6 8 
Allocate: 2 3 2 3 2 3 2 2 
StartTime: 0.000 27.000 27.000 36.000 33.000 42.500 49.000 54.000 
EndTime: 27.000 36.000 33.000 42.500 49.000 65.500 54.000 61.500 
MS: 65.500 EC: 2205.950 

Order: 1 3 4 6 2 8 5 7 
Allocate: 2 2 2 2 3 2 3 3 
StartTime: 0.000 27.000 33.000 49.000 27.000 54.000 36.000 42.500 
EndTime: 27.000 33.000 49.000 54.000 36.000 61.500 42.500 65.500 
MS: 65.500 EC: 2205.950 

Order: 1 2 3 4 5 6 8 7 
Allocate: 3 2 3 3 2 3 3 2 
StartTime: 0.000 27.000 27.000 33.000 36.000 49.000 54.000 42.500 
EndTime: 27.000 36.000 33.000 49.000 42.500 54.000 61.500 65.500 
MS: 65.500 EC: 2205.950 

Order: 1 2 3 5 4 6 7 8 
Allocate: 2 2 2 2 2 2 3 2 
StartTime: 0.000 27.000 32.000 38.000 41.500 57.500 41.500 62.500 
EndTime: 27.000 32.000 38.000 41.500 57.500 62.500 65.500 70.000 
MS: 70.000 EC: 2199.200 

Order: 1 2 3 5 7 4 6 8 
Allocate: 3 3 3 3 2 3 3 3 
StartTime: 0.000 27.000 32.000 38.000 41.500 41.500 57.500 62.500 
EndTime: 27.000 32.000 38.000 41.500 65.500 57.500 62.500 70.000 
MS: 70.000 EC: 2199.200 

Order: 1 2 3 5 4 7 6 8 
Allocate: 2 2 2 2 2 3 2 2 
StartTime: 0.000 27.000 32.000 38.000 41.500 41.500 57.500 62.500 
EndTime: 27.000 32.000 38.000 41.500 57.500 65.500 62.500 70.000 
MS: 70.000 EC: 2199.200 

Order: 1 2 3 5 4 6 7 8 
Allocate: 2 2 2 2 2 2 3 2 
StartTime: 0.000 27.000 32.000 38.000 41.500 57.500 41.500 62.500 
EndTime: 27.000 32.000 38.000 41.500 57.500 62.500 65.500 70.000 
MS: 70.000 EC: 2199.200 

Order: 1 4 3 2 5 7 6 8 
Allocate: 2 2 3 1 3 3 2 2 
StartTime: 0.000 27.000 27.000 27.000 45.000 51.500 43.000 48.500 
EndTime: 27.000 43.000 37.000 45.000 51.500 74.500 48.500 56.000 
MS: 74.500 EC: 2387.100 

Order: 1 2 3 5 4 7 6 8 
Allocate: 2 3 2 3 2 3 2 2 
StartTime: 0.000 27.000 27.000 36.000 33.000 42.500 49.000 54.000 
EndTime: 27.000 36.000 33.000 42.500 49.000 65.500 54.000 61.500 
MS: 65.500 EC: 2205.950 

Order: 1 3 4 2 5 7 6 8 
Allocate: 2 2 2 3 3 3 2 2 
StartTime: 0.000 27.000 33.000 27.000 36.000 42.500 49.000 54.000 
EndTime: 27.000 33.000 49.000 36.000 42.500 65.500 54.000 61.500 
MS: 65.500 EC: 2205.950 

Order: 1 3 2 4 5 6 7 8 
Allocate: 2 2 3 2 3 2 3 2 
StartTime: 0.000 27.000 27.000 33.000 36.000 49.000 42.500 54.000 
EndTime: 27.000 33.000 36.000 49.000 42.500 54.000 65.500 61.500 
MS: 65.500 EC: 2205.950 

Order: 1 2 3 5 4 6 7 8 
Allocate: 2 2 2 2 2 2 3 2 
StartTime: 0.000 27.000 32.000 38.000 41.500 57.500 41.500 62.500 
EndTime: 27.000 32.000 38.000 41.500 57.500 62.500 65.500 70.000 
MS: 70.000 EC: 2199.200 

Order: 1 3 2 5 7 4 6 8 
Allocate: 2 2 2 2 3 2 2 2 
StartTime: 0.000 27.000 33.000 38.000 41.500 41.500 57.500 62.500 
EndTime: 27.000 33.000 38.000 41.500 65.500 57.500 62.500 70.000 
MS: 70.000 EC: 2199.200 

Order: 1 3 2 5 4 6 7 8 
Allocate: 2 2 2 2 2 2 3 2 
StartTime: 0.000 27.000 33.000 38.000 41.500 57.500 41.500 62.500 
EndTime: 27.000 33.000 38.000 41.500 57.500 62.500 65.500 70.000 
MS: 70.000 EC: 2199.200 

Order: 1 2 3 5 4 6 7 8 
Allocate: 2 2 2 2 2 2 3 2 
StartTime: 0.000 27.000 32.000 38.000 41.500 57.500 41.500 62.500 
EndTime: 27.000 32.000 38.000 41.500 57.500 62.500 65.500 70.000 
MS: 70.000 EC: 2199.200 

Order: 1 4 3 2 5 7 6 8 
Allocate: 2 2 3 1 3 3 2 2 
StartTime: 0.000 27.000 27.000 27.000 45.000 51.500 43.000 48.500 
EndTime: 27.000 43.000 37.000 45.000 51.500 74.500 48.500 56.000 
MS: 74.500 EC: 2387.100 

Order: 1 2 3 5 4 7 6 8 
Allocate: 2 3 2 3 2 3 2 2 
StartTime: 0.000 27.000 27.000 36.000 33.000 42.500 49.000 54.000 
EndTime: 27.000 36.000 33.000 42.500 49.000 65.500 54.000 61.500 
MS: 65.500 EC: 2205.950 

Order: 1 3 4 2 6 5 8 7 
Allocate: 2 2 2 3 2 3 2 3 
StartTime: 0.000 27.000 33.000 27.000 49.000 36.000 54.000 42.500 
EndTime: 27.000 33.000 49.000 36.000 54.000 42.500 61.500 65.500 
MS: 65.500 EC: 2205.950 

Order: 1 3 4 2 5 6 8 7 
Allocate: 2 2 2 3 3 2 2 3 
StartTime: 0.000 27.000 33.000 27.000 36.000 49.000 54.000 42.500 
EndTime: 27.000 33.000 49.000 36.000 42.500 54.000 61.500 65.500 
MS: 65.500 EC: 2205.950 

Order: 1 2 3 5 4 6 7 8 
Allocate: 2 2 2 2 2 2 3 2 
StartTime: 0.000 27.000 32.000 38.000 41.500 57.500 41.500 62.500 
EndTime: 27.000 32.000 38.000 41.500 57.500 62.500 65.500 70.000 
MS: 70.000 EC: 2199.200 

Order: 1 3 2 5 4 7 6 8 
Allocate: 2 2 2 2 2 3 2 2 
StartTime: 0.000 27.000 33.000 38.000 41.500 41.500 57.500 62.500 
EndTime: 27.000 33.000 38.000 41.500 57.500 65.500 62.500 70.000 
MS: 70.000 EC: 2199.200 

Order: 1 3 2 5 4 7 6 8 
Allocate: 2 2 2 2 2 3 2 2 
StartTime: 0.000 27.000 33.000 38.000 41.500 41.500 57.500 62.500 
EndTime: 27.000 33.000 38.000 41.500 57.500 65.500 62.500 70.000 
MS: 70.000 EC: 2199.200 

Order: 1 2 3 5 4 6 7 8 
Allocate: 2 2 2 2 2 2 3 2 
StartTime: 0.000 27.000 32.000 38.000 41.500 57.500 41.500 62.500 
EndTime: 27.000 32.000 38.000 41.500 57.500 62.500 65.500 70.000 
MS: 70.000 EC: 2199.200 

Order: 1 4 3 2 5 7 6 8 
Allocate: 2 2 3 1 3 3 2 2 
StartTime: 0.000 27.000 27.000 27.000 45.000 51.500 43.000 48.500 
EndTime: 27.000 43.000 37.000 45.000 51.500 74.500 48.500 56.000 
MS: 74.500 EC: 2387.100 

Order: 1 2 3 5 4 7 6 8 
Allocate: 2 3 2 3 2 3 2 2 
StartTime: 0.000 27.000 27.000 36.000 33.000 42.500 49.000 54.000 
EndTime: 27.000 36.000 33.000 42.500 49.000 65.500 54.000 61.500 
MS: 65.500 EC: 2205.950 

Order: 1 3 4 2 6 5 8 7 
Allocate: 2 2 2 3 2 3 2 3 
StartTime: 0.000 27.000 33.000 27.000 49.000 36.000 54.000 42.500 
EndTime: 27.000 33.000 49.000 36.000 54.000 42.500 61.500 65.500 
MS: 65.500 EC: 2205.950 

Order: 1 3 4 2 6 5 7 8 
Allocate: 2 2 2 3 2 3 3 2 
StartTime: 0.000 27.000 33.000 27.000 49.000 36.000 42.500 54.000 
EndTime: 27.000 33.000 49.000 36.000 54.000 42.500 65.500 61.500 
MS: 65.500 EC: 2205.950 

Order: 1 2 3 5 4 6 7 8 
Allocate: 2 2 2 2 2 2 3 2 
StartTime: 0.000 27.000 32.000 38.000 41.500 57.500 41.500 62.500 
EndTime: 27.000 32.000 38.000 41.500 57.500 62.500 65.500 70.000 
MS: 70.000 EC: 2199.200 

Order: 1 2 3 5 7 4 6 8 
Allocate: 2 2 2 2 3 2 2 2 
StartTime: 0.000 27.000 32.000 38.000 41.500 41.500 57.500 62.500 
EndTime: 27.000 32.000 38.000 41.500 65.500 57.500 62.500 70.000 
MS: 70.000 EC: 2199.200 

Order: 1 3 2 5 4 6 7 8 
Allocate: 2 2 2 2 2 2 3 2 
StartTime: 0.000 27.000 33.000 38.000 41.500 57.500 41.500 62.500 
EndTime: 27.000 33.000 38.000 41.500 57.500 62.500 65.500 70.000 
MS: 70.000 EC: 2199.200 

Order: 1 2 3 5 4 6 7 8 
Allocate: 2 2 2 2 2 2 3 2 
StartTime: 0.000 27.000 32.000 38.000 41.500 57.500 41.500 62.500 
EndTime: 27.000 32.000 38.000 41.500 57.500 62.500 65.500 70.000 
MS: 70.000 EC: 2199.200 

Order: 1 4 3 2 5 7 6 8 
Allocate: 2 2 3 1 3 3 2 2 
StartTime: 0.000 27.000 27.000 27.000 45.000 51.500 43.000 48.500 
EndTime: 27.000 43.000 37.000 45.000 51.500 74.500 48.500 56.000 
MS: 74.500 EC: 2387.100 

Order: 1 2 3 5 4 7 6 8 
Allocate: 2 3 2 3 2 3 2 2 
StartTime: 0.000 27.000 27.000 36.000 33.000 42.500 49.000 54.000 
EndTime: 27.000 36.000 33.000 42.500 49.000 65.500 54.000 61.500 
MS: 65.500 EC: 2205.950 

Order: 1 3 4 2 5 7 6 8 
Allocate: 2 2 2 3 3 3 2 2 
StartTime: 0.000 27.000 33.000 27.000 36.000 42.500 49.000 54.000 
EndTime: 27.000 33.000 49.000 36.000 42.500 65.500 54.000 61.500 
MS: 65.500 EC: 2205.950 

Order: 1 2 3 4 5 6 7 8 
Allocate: 3 2 3 3 2 3 2 3 
StartTime: 0.000 27.000 27.000 33.000 36.000 49.000 42.500 54.000 
EndTime: 27.000 36.000 33.000 49.000 42.500 54.000 65.500 61.500 
MS: 65.500 EC: 2205.950 

Order: 1 2 3 5 4 6 7 8 
Allocate: 2 2 2 2 2 2 3 2 
StartTime: 0.000 27.000 32.000 38.000 41.500 57.500 41.500 62.500 
EndTime: 27.000 32.000 38.000 41.500 57.500 62.500 65.500 70.000 
MS: 70.000 EC: 2199.200 

Order: 1 3 2 5 4 7 6 8 
Allocate: 2 2 2 2 2 3 2 2 
StartTime: 0.000 27.000 33.000 38.000 41.500 41.500 57.500 62.500 
EndTime: 27.000 33.000 38.000 41.500 57.500 65.500 62.500 70.000 
MS: 70.000 EC: 2199.200 

Order: 1 2 3 5 4 6 7 8 
Allocate: 2 2 2 2 2 2 3 2 
StartTime: 0.000 27.000 32.000 38.000 41.500 57.500 41.500 62.500 
EndTime: 27.000 32.000 38.000 41.500 57.500 62.500 65.500 70.000 
MS: 70.000 EC: 2199.200 

Order: 1 2 3 5 4 6 7 8 
Allocate: 2 2 2 2 2 2 3 2 
StartTime: 0.000 27.000 32.000 38.000 41.500 57.500 41.500 62.500 
EndTime: 27.000 32.000 38.000 41.500 57.500 62.500 65.500 70.000 
MS: 70.000 EC: 2199.200 

Order: 1 4 3 2 5 7 6 8 
Allocate: 2 2 3 1 3 3 2 2 
StartTime: 0.000 27.000 27.000 27.000 45.000 51.500 43.000 48.500 
EndTime: 27.000 43.000 37.000 45.000 51.500 74.500 48.500 56.000 
MS: 74.500 EC: 2387.100 

Order: 1 2 3 5 4 7 6 8 
Allocate: 2 3 2 3 2 3 2 2 
StartTime: 0.000 27.000 27.000 36.000 33.000 42.500 49.000 54.000 
EndTime: 27.000 36.000 33.000 42.500 49.000 65.500 54.000 61.500 
MS: 65.500 EC: 2205.950 

Order: 1 3 4 2 6 5 7 8 
Allocate: 2 2 2 3 2 3 3 2 
StartTime: 0.000 27.000 33.000 27.000 49.000 36.000 42.500 54.000 
EndTime: 27.000 33.000 49.000 36.000 54.000 42.500 65.500 61.500 
MS: 65.500 EC: 2205.950 

Order: 1 2 3 4 6 5 7 8 
Allocate: 3 2 3 3 3 2 2 3 
StartTime: 0.000 27.000 27.000 33.000 49.000 36.000 42.500 54.000 
EndTime: 27.000 36.000 33.000 49.000 54.000 42.500 65.500 61.500 
MS: 65.500 EC: 2205.950 

Order: 1 2 3 5 4 6 7 8 
Allocate: 2 2 2 2 2 2 3 2 
StartTime: 0.000 27.000 32.000 38.000 41.500 57.500 41.500 62.500 
EndTime: 27.000 32.000 38.000 41.500 57.500 62.500 65.500 70.000 
MS: 70.000 EC: 2199.200 

Order: 1 2 3 5 7 4 6 8 
Allocate: 2 2 2 2 3 2 2 2 
StartTime: 0.000 27.000 32.000 38.000 41.500 41.500 57.500 62.500 
EndTime: 27.000 32.000 38.000 41.500 65.500 57.500 62.500 70.000 
MS: 70.000 EC: 2199.200 

Order: 1 2 3 5 4 7 6 8 
Allocate: 2 2 2 2 2 3 2 2 
StartTime: 0.000 27.000 32.000 38.000 41.500 41.500 57.500 62.500 
EndTime: 27.000 32.000 38.000 41.500 57.500 65.500 62.500 70.000 
MS: 70.000 EC: 2199.200 

Order: 1 2 3 5 4 6 7 8 
Allocate: 2 2 2 2 2 2 3 2 
StartTime: 0.000 27.000 32.000 38.000 41.500 57.500 41.500 62.500 
EndTime: 27.000 32.000 38.000 41.500 57.500 62.500 65.500 70.000 
MS: 70.000 EC: 2199.200 

Order: 1 4 3 2 5 7 6 8 
Allocate: 2 2 3 1 3 3 2 2 
StartTime: 0.000 27.000 27.000 27.000 45.000 51.500 43.000 48.500 
EndTime: 27.000 43.000 37.000 45.000 51.500 74.500 48.500 56.000 
MS: 74.500 EC: 2387.100 

Order: 1 2 3 5 4 7 6 8 
Allocate: 2 3 2 3 2 3 2 2 
StartTime: 0.000 27.000 27.000 36.000 33.000 42.500 49.000 54.000 
EndTime: 27.000 36.000 33.000 42.500 49.000 65.500 54.000 61.500 
MS: 65.500 EC: 2205.950 

Order: 1 3 4 6 8 2 5 7 
Allocate: 2 2 2 2 2 3 3 3 
StartTime: 0.000 27.000 33.000 49.000 54.000 27.000 36.000 42.500 
EndTime: 27.000 33.000 49.000 54.000 61.500 36.000 42.500 65.500 
MS: 65.500 EC: 2205.950 

Order: 1 3 2 4 6 5 8 7 
Allocate: 3 3 2 3 3 2 3 2 
StartTime: 0.000 27.000 27.000 33.000 49.000 36.000 54.000 42.500 
EndTime: 27.000 33.000 36.000 49.000 54.000 42.500 61.500 65.500 
MS: 65.500 EC: 2205.950 

Order: 1 2 3 5 4 6 7 8 
Allocate: 2 2 2 2 2 2 3 2 
StartTime: 0.000 27.000 32.000 38.000 41.500 57.500 41.500 62.500 
EndTime: 27.000 32.000 38.000 41.500 57.500 62.500 65.500 70.000 
MS: 70.000 EC: 2199.200 

Order: 1 2 3 5 7 4 6 8 
Allocate: 3 3 3 3 2 3 3 3 
StartTime: 0.000 27.000 32.000 38.000 41.500 41.500 57.500 62.500 
EndTime: 27.000 32.000 38.000 41.500 65.500 57.500 62.500 70.000 
MS: 70.000 EC: 2199.200 

Order: 1 2 3 5 4 7 6 8 
Allocate: 2 2 2 2 2 3 2 2 
StartTime: 0.000 27.000 32.000 38.000 41.500 41.500 57.500 62.500 
EndTime: 27.000 32.000 38.000 41.500 57.500 65.500 62.500 70.000 
MS: 70.000 EC: 2199.200 
