CyberShake 8 1.0 70.00000 2199.20000 12.86362 74.50000 2387.10000 0.00028 65.50000 2205.95000 0.24886 65.50000 2205.95000 0.00301 65.50000 2205.95000 0.06097 70.00000 2199.20000 0.01024 70.00000 2199.20000 0.16141 70.00000 2199.20000 0.00185 
CyberShake 8 1.0 70.00000 2199.20000 13.16117 74.50000 2387.10000 0.00016 65.50000 2205.95000 0.04068 65.50000 2205.95000 0.00308 65.50000 2205.95000 0.03604 70.00000 2199.20000 0.01028 70.00000 2199.20000 0.26280 70.00000 2199.20000 0.00185 
CyberShake 8 1.0 70.00000 2199.20000 13.08635 74.50000 2387.10000 0.00016 65.50000 2205.95000 0.02904 65.50000 2205.95000 0.00302 65.50000 2205.95000 0.04467 70.00000 2199.20000 0.00991 70.00000 2199.20000 0.30613 70.00000 2199.20000 0.00191 
CyberShake 8 1.0 70.00000 2199.20000 13.09804 74.50000 2387.10000 0.00022 65.50000 2205.95000 0.02932 65.50000 2205.95000 0.00294 65.50000 2205.95000 0.05328 70.00000 2199.20000 0.01005 70.00000 2199.20000 0.32528 70.00000 2199.20000 0.00185 
CyberShake 8 1.0 70.00000 2199.20000 13.09274 74.50000 2387.10000 0.00016 65.50000 2205.95000 0.01709 65.50000 2205.95000 0.00298 65.50000 2205.95000 0.06135 70.00000 2199.20000 0.01602 70.00000 2199.20000 0.10933 70.00000 2199.20000 0.00183 
CyberShake 8 1.0 70.00000 2199.20000 13.11098 74.50000 2387.10000 0.00016 65.50000 2205.95000 0.02943 65.50000 2205.95000 0.00283 65.50000 2205.95000 0.06079 70.00000 2199.20000 0.01114 70.00000 2199.20000 0.31422 70.00000 2199.20000 0.00186 
CyberShake 8 1.0 70.00000 2199.20000 13.09877 74.50000 2387.10000 0.00019 65.50000 2205.95000 0.04167 65.50000 2205.95000 0.00301 65.50000 2205.95000 0.06893 70.00000 2199.20000 0.01088 70.00000 2199.20000 0.11571 70.00000 2199.20000 0.00284 
CyberShake 8 1.0 70.00000 2199.20000 13.10056 74.50000 2387.10000 0.00016 65.50000 2205.95000 0.02882 65.50000 2205.95000 0.00290 65.50000 2205.95000 0.02825 70.00000 2199.20000 0.01696 70.00000 2199.20000 0.03525 70.00000 2199.20000 0.00184 
CyberShake 8 1.0 70.00000 2199.20000 13.10061 74.50000 2387.10000 0.00016 65.50000 2205.95000 0.05344 65.50000 2205.95000 0.00312 65.50000 2205.95000 0.19008 70.00000 2199.20000 0.00877 70.00000 2199.20000 0.90312 70.00000 2199.20000 0.00187 
CyberShake 8 1.0 70.00000 2199.20000 13.09641 74.50000 2387.10000 0.00017 65.50000 2205.95000 0.02939 65.50000 2205.95000 0.00291 65.50000 2205.95000 0.02796 70.00000 2199.20000 0.01129 70.00000 2199.20000 0.39899 70.00000 2199.20000 0.00196 
